0	1	0
2	0	1
1	2	2
0	2	3
2	1	4
1	0	5
6	7	6
6	5	7
5	4	8
6	4	9
7	3	10
5	3	11
6	3	12
3	5	13
4	6	14
5	6	15
4	3	16
11	10	17
13	11	18
9	11	19
9	8	20
8	9	21
10	12	22
8	11	23
11	8	24
15	16	25
14	17	26
14	15	27
17	14	28
16	14	29
14	16	30
16	17	31
17	16	32
21	24	33
18	23	34
22	24	35
21	18	36
28	26	37
25	29	38
26	25	39
29	27	40
31	34	41
32	31	42
35	31	43
33	31	44
40	36	45
39	37	46
37	39	47
40	38	48
38	39	49
39	38	50
39	40	51
37	40	52
40	37	53
36	37	54
37	36	55
36	39	56
40	39	57
39	36	58
41	43	59
43	44	60
44	42	61
41	42	62
45	50	63
50	45	64
47	46	65
45	47	66
48	49	67
47	49	68
48	47	69
50	47	70
54	53	71
53	51	72
51	53	73
54	55	74
52	53	75
54	52	76
51	55	77
52	54	78
60	58	79
56	58	80
57	59	81
59	56	82
57	56	83
60	56	84
59	57	85
58	56	86
61	62	87
62	61	88
62	63	89
64	61	90
67	66	91
65	67	92
65	66	93
66	67	94
68	70	95
69	70	96
68	69	97
69	68	98
71	74	99
73	78	100
76	73	101
79	74	102
81	80	103
83	80	104
83	81	105
80	82	106
81	82	107
82	83	108
83	82	109
92	91	110
91	88	111
88	89	112
91	89	113
87	89	114
91	87	115
90	88	116
88	91	117
88	92	118
91	92	119
87	86	120
89	88	121
95	101	122
96	98	123
94	95	124
98	94	125
106	105	126
105	108	127
107	103	128
105	107	129
111	109	130
109	111	131
111	112	132
112	110	133
109	112	134
111	110	135
110	111	136
110	109	137
109	110	138
110	112	139
112	109	140
112	111	141
118	114	142
113	118	143
117	114	144
114	113	145
113	114	146
118	116	147
116	115	148
118	115	149
120	121	150
121	122	151
121	119	152
122	119	153
124	128	154
128	123	155
127	129	156
126	123	157
137	136	158
131	134	159
136	137	160
132	131	161
135	137	162
131	133	163
137	134	164
133	134	165
133	137	166
136	134	167
136	133	168
131	135	169
133	131	170
136	131	171
132	134	172
141	142	173
143	142	174
141	139	175
138	144	176
146	149	177
146	147	178
147	149	179
146	145	180
145	149	181
149	148	182
148	149	183
149	147	184
151	150	185
151	154	186
153	151	187
150	154	188
157	158	189
158	157	190
157	156	191
157	155	192
164	160	193
160	159	194
164	165	195
165	162	196
169	168	197
167	168	198
166	167	199
167	166	200
174	172	201
173	172	202
171	174	203
171	173	204
175	176	205
175	177	206
176	175	207
176	177	208
177	175	209
177	176	210
182	183	211
183	182	212
181	183	213
184	181	214
188	186	215
188	187	216
185	189	217
190	186	218
194	192	219
195	192	220
195	193	221
192	195	222
194	193	223
192	194	224
192	191	225
191	194	226
195	194	227
191	193	228
191	192	229
193	195	230
194	195	231
191	195	232
193	191	233
194	191	234
196	197	235
196	198	236
197	196	237
198	196	238
199	200	239
202	200	240
201	205	241
203	200	242
208	209	243
209	208	244
207	209	245
207	208	246
215	219	247
215	211	248
213	218	249
218	217	250
219	213	251
211	215	252
211	213	253
216	217	254
223	220	255
223	226	256
223	225	257
225	222	258
231	230	259
227	229	260
231	227	261
230	231	262
233	242	263
241	238	264
238	242	265
243	247	266
245	248	267
243	246	268
247	245	269
249	253	270
250	249	271
253	251	272
253	250	273
255	258	274
259	258	275
260	261	276
260	262	277
261	260	278
261	262	279
266	269	280
267	269	281
268	264	282
266	267	283
270	272	284
271	272	285
271	270	286
272	271	287
270	271	288
272	270	289
276	273	290
275	277	291
273	276	292
277	273	293
281	284	294
285	283	295
279	278	296
287	282	297
279	287	298
286	287	299
279	280	300
289	290	301
289	288	302
289	291	303
290	288	304
292	295	305
293	296	306
292	293	307
294	293	308
298	301	309
301	297	310
299	302	311
299	301	312
304	299	313
297	302	314
300	302	315
303	301	316
302	304	317
299	300	318
301	299	319
303	302	320
308	305	321
306	307	322
308	306	323
307	306	324
311	309	325
310	309	326
315	311	327
312	314	328
312	315	329
309	313	330
315	309	331
317	316	332
316	318	333
319	317	334
318	316	335
324	322	336
324	326	337
321	323	338
326	327	339
324	323	340
327	326	341
327	323	342
324	325	343
328	329	344
331	328	345
331	332	346
332	328	347
335	334	348
334	333	349
333	334	350
335	333	351
339	338	352
338	336	353
336	338	354
337	339	355
340	342	356
345	342	357
343	340	358
343	346	359
350	351	360
348	347	361
350	353	362
352	351	363
347	351	364
348	349	365
347	348	366
353	351	367
354	357	368
356	354	369
355	357	370
355	356	371
363	358	372
358	360	373
363	362	374
358	359	375
364	366	376
365	368	377
364	368	378
366	368	379
373	377	380
369	377	381
377	369	382
370	375	383
382	380	384
380	382	385
382	381	386
379	381	387
386	389	388
389	388	389
389	386	390
388	386	391
393	394	392
394	393	393
390	392	394
390	391	395
395	397	396
396	401	397
401	396	398
396	395	399
403	406	400
404	403	401
406	405	402
406	402	403
402	403	404
404	405	405
405	403	406
409	408	407
409	407	408
410	408	409
408	410	410
418	415	411
414	412	412
418	414	413
415	413	414
422	424	415
426	420	416
422	426	417
425	423	418
429	431	419
429	430	420
429	428	421
428	430	422
431	430	423
431	428	424
430	431	425
428	431	426
433	437	427
434	437	428
436	435	429
432	434	430
444	439	431
440	442	432
444	445	433
441	442	434
447	449	435
446	449	436
447	448	437
449	446	438
452	454	439
453	450	440
452	455	441
455	451	442
458	462	443
463	458	444
459	463	445
456	460	446
460	463	447
459	457	448
457	456	449
456	457	450
469	466	451
464	465	452
470	465	453
471	470	454
471	464	455
468	469	456
467	465	457
471	467	458
472	474	459
474	472	460
473	474	461
473	472	462
474	473	463
472	473	464
480	475	465
475	480	466
477	475	467
475	476	468
482	485	469
484	485	470
482	481	471
481	482	472
487	489	473
487	488	474
488	489	475
488	487	476
489	487	477
489	488	478
491	492	479
492	493	480
491	493	481
490	493	482
494	496	483
494	495	484
495	494	485
496	494	486
497	498	487
499	497	488
500	498	489
497	499	490
503	505	491
501	503	492
501	505	493
505	504	494
507	506	495
506	507	496
509	508	497
508	509	498
512	514	499
511	512	500
513	511	501
512	510	502
521	518	503
517	519	504
520	521	505
518	516	506
522	524	507
525	522	508
525	523	509
522	523	510
529	528	511
528	527	512
530	529	513
528	526	514
527	530	515
526	529	516
526	531	517
531	529	518
532	535	519
533	535	520
535	532	521
536	533	522
534	536	523
533	536	524
535	533	525
539	540	526
539	542	527
542	539	528
538	539	529
552	545	530
546	549	531
548	556	532
546	552	533
545	553	534
552	546	535
553	550	536
551	546	537
552	551	538
549	545	539
555	554	540
552	544	541
556	549	542
552	548	543
555	548	544
549	546	545
562	559	546
562	561	547
560	562	548
559	560	549
569	565	550
564	567	551
563	564	552
567	565	553
565	569	554
563	569	555
567	566	556
563	566	557
569	567	558
567	563	559
567	569	560
564	566	561
565	566	562
564	565	563
564	569	564
567	564	565
565	567	566
569	566	567
567	568	568
569	564	569
568	565	570
566	569	571
566	563	572
566	564	573
571	574	574
570	574	575
574	571	576
570	573	577
576	577	578
577	576	579
575	577	580
577	575	581
579	581	582
578	580	583
581	578	584
578	581	585
580	582	586
581	579	587
582	580	588
579	582	589
583	587	590
584	585	591
584	586	592
585	586	593
586	584	594
585	584	595
586	585	596
587	584	597
583	586	598
585	583	599
584	587	600
587	585	601
584	583	602
586	583	603
585	587	604
583	585	605
587	583	606
587	586	607
583	584	608
586	587	609
591	589	610
588	590	611
590	593	612
593	591	613
599	594	614
598	595	615
594	597	616
595	599	617
602	601	618
602	603	619
603	606	620
605	607	621
606	605	622
603	607	623
604	602	624
606	604	625
604	605	626
603	602	627
606	607	628
602	607	629
608	611	630
611	609	631
610	611	632
608	609	633
614	613	634
612	614	635
613	612	636
613	614	637
614	612	638
612	613	639
619	617	640
619	618	641
618	619	642
615	617	643
620	623	644
621	622	645
620	621	646
623	621	647
626	624	648
625	626	649
625	624	650
626	625	651
624	626	652
624	625	653
628	627	654
627	628	655
635	633	656
630	628	657
633	635	658
636	628	659
637	627	660
629	632	661
644	642	662
641	642	663
639	645	664
644	638	665
646	651	666
648	647	667
649	650	668
650	646	669
653	656	670
652	653	671
655	654	672
653	654	673
659	660	674
661	659	675
658	661	676
660	659	677
662	657	678
658	662	679
661	658	680
664	665	681
666	665	682
663	665	683
666	663	684
667	668	685
668	667	686
669	674	687
673	672	688
673	674	689
670	672	690
676	677	691
676	675	692
677	675	693
675	676	694
678	681	695
680	678	696
678	679	697
681	679	698
686	682	699
684	685	700
685	682	701
682	686	702
685	683	703
683	685	704
683	686	705
685	684	706
692	688	707
689	690	708
690	687	709
687	691	710
694	693	711
695	694	712
695	693	713
694	695	714
697	699	715
700	696	716
699	704	717
702	701	718
708	707	719
708	705	720
708	706	721
705	708	722
718	712	723
712	714	724
719	712	725
713	719	726
718	717	727
719	713	728
718	714	729
712	715	730
725	724	731
721	723	732
724	721	733
724	722	734
723	721	735
723	724	736
722	725	737
721	725	738
728	732	739
726	732	740
730	732	741
729	726	742
735	738	743
737	736	744
733	736	745
737	733	746
740	739	747
739	740	748
739	741	749
741	740	750
742	743	751
742	744	752
743	744	753
743	742	754
744	743	755
744	742	756
748	746	757
746	745	758
748	747	759
746	747	760
750	751	761
749	750	762
751	749	763
750	749	764
753	752	765
754	753	766
752	753	767
752	754	768
754	752	769
753	754	770
756	763	771
759	757	772
762	764	773
764	758	774
768	769	775
769	768	776
768	765	777
765	769	778
766	765	779
767	766	780
769	767	781
770	775	782
771	774	783
772	770	784
772	775	785
777	778	786
777	776	787
776	778	788
776	777	789
782	783	790
784	779	791
780	784	792
780	779	793
779	785	794
784	782	795
781	780	796
784	785	797
789	790	798
789	787	799
790	788	800
788	787	801
798	794	802
793	798	803
797	798	804
797	796	805
799	803	806
803	801	807
801	803	808
799	801	809
804	805	810
805	804	811
811	806	812
813	814	813
808	807	814
813	808	815
818	821	816
821	819	817
817	816	818
819	818	819
821	817	820
819	820	821
818	816	822
817	821	823
823	822	824
823	824	825
824	823	826
822	824	827
828	825	828
826	827	829
828	826	830
829	826	831
826	825	832
825	828	833
829	827	834
827	828	835
835	837	836
837	833	837
832	836	838
832	838	839
846	845	840
841	845	841
841	846	842
843	844	843
845	846	844
846	839	845
842	840	846
846	841	847
847	848	848
852	851	849
848	851	850
849	852	851
848	853	852
853	848	853
852	853	854
850	853	855
852	849	856
848	850	857
851	852	858
847	849	859
853	849	860
850	847	861
850	852	862
852	850	863
857	854	864
854	857	865
856	857	866
856	854	867
855	857	868
855	854	869
855	856	870
857	856	871
866	864	872
859	868	873
863	866	874
859	863	875
876	874	876
874	878	877
873	875	878
878	875	879
871	875	880
875	871	881
875	873	882
887	881	883
882	880	884
886	884	885
880	881	886
893	889	887
891	888	888
889	888	889
888	890	890
888	889	891
892	888	892
890	892	893
892	889	894
894	895	895
896	895	896
896	897	897
895	896	898
901	900	899
901	905	900
898	901	901
905	898	902
909	907	903
908	909	904
909	906	905
906	907	906
909	908	907
908	906	908
907	906	909
910	911	910
911	910	911
914	917	912
917	912	913
919	921	914
915	919	915
923	924	916
926	922	917
923	926	918
924	923	919
928	930	920
929	930	921
928	927	922
930	928	923
934	932	924
931	934	925
932	934	926
933	932	927
937	935	928
937	936	929
935	937	930
935	939	931
943	940	932
942	945	933
941	944	934
944	945	935
947	946	936
952	947	937
948	951	938
946	949	939
953	956	940
953	955	941
956	954	942
955	954	943
958	960	944
959	958	945
961	958	946
959	960	947
961	962	948
961	959	949
959	962	950
962	957	951
959	957	952
961	960	953
959	961	954
957	960	955
963	966	956
966	965	957
965	963	958
966	963	959
967	969	960
968	967	961
971	967	962
967	970	963
972	974	964
975	974	965
977	976	966
972	973	967
972	977	968
972	976	969
973	976	970
972	975	971
982	979	972
982	978	973
981	982	974
980	978	975
983	986	976
987	984	977
988	987	978
989	984	979
987	988	980
988	984	981
986	987	982
988	983	983
984	986	984
986	988	985
984	990	986
989	983	987
990	984	988
989	986	989
987	986	990
986	985	991
985	989	992
984	987	993
985	990	994
989	987	995
990	986	996
988	989	997
985	987	998
987	989	999
994	993	1000
996	992	1001
993	991	1002
991	996	1003
992	993	1004
993	992	1005
996	994	1006
991	994	1007
998	997	1008
1001	1002	1009
1001	998	1010
999	997	1011
1005	1003	1012
1007	1003	1013
1007	1005	1014
1003	1007	1015
1006	1004	1016
1007	1004	1017
1005	1006	1018
1008	1011	1019
1013	1012	1020
1009	1012	1021
1008	1010	1022
1014	1018	1023
1015	1014	1024
1016	1019	1025
1014	1015	1026
1021	1020	1027
1020	1021	1028
1026	1028	1029
1028	1023	1030
1029	1026	1031
1023	1026	1032
1032	1033	1033
1031	1030	1034
1030	1031	1035
1031	1033	1036
1034	1036	1037
1036	1037	1038
1034	1035	1039
1037	1035	1040
1035	1036	1041
1036	1035	1042
1037	1034	1043
1040	1039	1044
1038	1039	1045
1040	1038	1046
1038	1041	1047
1045	1046	1048
1046	1045	1049
1044	1047	1050
1047	1042	1051
1055	1054	1052
1054	1057	1053
1056	1052	1054
1053	1056	1055
1058	1061	1056
1058	1060	1057
1059	1063	1058
1061	1060	1059
1066	1064	1060
1065	1064	1061
1066	1065	1062
1064	1066	1063
1065	1066	1064
1064	1065	1065
1070	1068	1066
1071	1068	1067
1070	1071	1068
1068	1069	1069
1080	1074	1070
1077	1078	1071
1074	1072	1072
1079	1075	1073
1082	1083	1074
1082	1081	1075
1084	1081	1076
1083	1082	1077
1081	1083	1078
1084	1082	1079
1083	1084	1080
1083	1081	1081
1088	1087	1082
1087	1090	1083
1087	1085	1084
1090	1088	1085
1092	1091	1086
1094	1092	1087
1093	1095	1088
1093	1094	1089
1098	1097	1090
1097	1099	1091
1099	1096	1092
1096	1098	1093
1101	1100	1094
1100	1101	1095
1102	1103	1096
1100	1104	1097
1107	1105	1098
1105	1107	1099
1105	1106	1100
1108	1106	1101
1110	1109	1102
1114	1109	1103
1111	1112	1104
1110	1113	1105
1119	1117	1106
1116	1115	1107
1116	1119	1108
1117	1115	1109
1120	1123	1110
1122	1124	1111
1125	1121	1112
1122	1123	1113
1128	1126	1114
1127	1128	1115
1127	1126	1116
1131	1129	1117
1129	1131	1118
1131	1130	1119
1130	1129	1120
1133	1136	1121
1134	1136	1122
1133	1134	1123
1135	1134	1124
1140	1138	1125
1140	1139	1126
1139	1140	1127
1138	1139	1128
1145	1146	1129
1143	1146	1130
1145	1144	1131
1141	1147	1132
1144	1147	1133
1145	1142	1134
1141	1142	1135
1143	1145	1136
1147	1141	1137
1142	1145	1138
1144	1143	1139
1141	1146	1140
1145	1147	1141
1147	1146	1142
1146	1142	1143
1142	1144	1144
1141	1143	1145
1144	1142	1146
1146	1147	1147
1151	1153	1148
1150	1152	1149
1150	1149	1150
1150	1153	1151
1158	1156	1152
1160	1156	1153
1161	1159	1154
1155	1163	1155
1155	1160	1156
1158	1160	1157
1160	1163	1158
1163	1157	1159
1171	1168	1160
1170	1172	1161
1168	1167	1162
1170	1166	1163
1177	1175	1164
1176	1175	1165
1175	1177	1166
1173	1178	1167
1181	1182	1168
1181	1183	1169
1181	1180	1170
1180	1182	1171
1187	1188	1172
1188	1185	1173
1185	1184	1174
1186	1188	1175
1184	1187	1176
1186	1187	1177
1186	1184	1178
1187	1186	1179
1191	1190	1180
1192	1191	1181
1189	1192	1182
1190	1189	1183
1192	1190	1184
1191	1189	1185
1190	1192	1186
1192	1189	1187
1196	1198	1188
1195	1197	1189
1196	1200	1190
1196	1201	1191
1193	1197	1192
1196	1202	1193
1197	1200	1194
1202	1195	1195
1206	1210	1196
1209	1207	1197
1203	1207	1198
1203	1209	1199
1205	1204	1200
1206	1209	1201
1208	1206	1202
1209	1204	1203
1212	1214	1204
1215	1214	1205
1212	1215	1206
1211	1213	1207
1215	1213	1208
1211	1214	1209
1214	1215	1210
1218	1220	1211
1217	1216	1212
1220	1217	1213
1218	1216	1214
1216	1220	1215
1216	1219	1216
1217	1219	1217
1219	1216	1218
1221	1224	1219
1222	1221	1220
1224	1221	1221
1222	1224	1222
1221	1222	1223
1223	1222	1224
1223	1221	1225
1224	1223	1226
1222	1223	1227
1221	1223	1228
1224	1222	1229
1223	1224	1230
1225	1226	1231
1227	1225	1232
1226	1227	1233
1227	1226	1234
1226	1225	1235
1225	1227	1236
1229	1232	1237
1232	1230	1238
1232	1229	1239
1228	1232	1240
1231	1228	1241
1228	1229	1242
1229	1228	1243
1232	1228	1244
1228	1230	1245
1230	1232	1246
1229	1231	1247
1229	1230	1248
1228	1231	1249
1232	1231	1250
1235	1238	1251
1238	1235	1252
1233	1237	1253
1236	1234	1254
1240	1241	1255
1241	1244	1256
1242	1241	1257
1242	1243	1258
1245	1247	1259
1250	1249	1260
1248	1252	1261
1249	1247	1262
1253	1258	1263
1257	1260	1264
1256	1258	1265
1260	1258	1266
1258	1261	1267
1260	1262	1268
1261	1259	1269
1253	1260	1270
1266	1263	1271
1264	1266	1272
1265	1264	1273
1263	1264	1274
1264	1265	1275
1265	1266	1276
1266	1265	1277
1263	1265	1278
1271	1268	1279
1267	1269	1280
1271	1269	1281
1270	1271	1282
1269	1270	1283
1270	1268	1284
1271	1267	1285
1268	1267	1286
1269	1268	1287
1267	1270	1288
1267	1271	1289
1267	1268	1290
1274	1275	1291
1273	1275	1292
1272	1274	1293
1272	1273	1294
1275	1272	1295
1274	1272	1296
1273	1274	1297
1286	1278	1298
1283	1276	1299
1276	1280	1300
1283	1281	1301
1288	1292	1302
1288	1290	1303
1292	1291	1304
1288	1291	1305
1299	1298	1306
1295	1294	1307
1297	1299	1308
1294	1297	1309
1302	1301	1310
1304	1303	1311
1300	1301	1312
1304	1300	1313
1301	1304	1314
1302	1303	1315
1300	1302	1316
1303	1301	1317
1302	1300	1318
1303	1302	1319
1301	1303	1320
1302	1304	1321
1305	1306	1322
1306	1305	1323
1309	1314	1324
1311	1308	1325
1313	1309	1326
1308	1314	1327
1317	1319	1328
1317	1316	1329
1316	1317	1330
1316	1315	1331
1315	1318	1332
1315	1317	1333
1315	1319	1334
1320	1322	1335
1320	1321	1336
1322	1321	1337
1321	1322	1338
1328	1325	1339
1325	1326	1340
1328	1326	1341
1324	1325	1342
1329	1334	1343
1334	1330	1344
1332	1330	1345
1330	1333	1346
1332	1329	1347
1329	1335	1348
1332	1334	1349
1333	1335	1350
1332	1335	1351
1329	1330	1352
1331	1335	1353
1335	1334	1354
1337	1336	1355
1336	1337	1356
1338	1340	1357
1339	1338	1358
1340	1339	1359
1339	1340	1360
1343	1344	1361
1342	1344	1362
1342	1343	1363
1341	1342	1364
1343	1341	1365
1343	1345	1366
1341	1343	1367
1344	1341	1368
1351	1349	1369
1347	1348	1370
1351	1348	1371
1347	1349	1372
1352	1360	1373
1355	1358	1374
1359	1355	1375
1357	1355	1376
1363	1361	1377
1362	1361	1378
1363	1362	1379
1361	1364	1380
1364	1362	1381
1364	1363	1382
1362	1363	1383
1361	1363	1384
1367	1366	1385
1366	1365	1386
1368	1365	1387
1368	1367	1388
1370	1372	1389
1372	1370	1390
1370	1371	1391
1371	1370	1392
1372	1371	1393
1371	1372	1394
1378	1373	1395
1373	1378	1396
1378	1376	1397
1380	1373	1398
1389	1383	1399
1382	1384	1400
1383	1386	1401
1383	1384	1402
1385	1388	1403
1388	1385	1404
1388	1384	1405
1384	1388	1406
1392	1391	1407
1391	1390	1408
1390	1392	1409
1390	1391	1410
1391	1392	1411
1392	1390	1412
1393	1396	1413
1397	1396	1414
1397	1393	1415
1393	1394	1416
1394	1396	1417
1393	1398	1418
1396	1394	1419
1394	1398	1420
1401	1406	1421
1400	1405	1422
1406	1408	1423
1407	1408	1424
1412	1409	1425
1410	1411	1426
1412	1410	1427
1417	1414	1428
1412	1414	1429
1416	1409	1430
1413	1416	1431
1416	1414	1432
1421	1419	1433
1420	1423	1434
1421	1423	1435
1419	1421	1436
1424	1425	1437
1424	1428	1438
1426	1424	1439
1424	1427	1440
1429	1430	1441
1437	1436	1442
1429	1437	1443
1429	1432	1444
1442	1440	1445
1444	1440	1446
1441	1444	1447
1444	1442	1448
1446	1449	1449
1448	1447	1450
1449	1445	1451
1446	1450	1452
1458	1454	1453
1460	1454	1454
1458	1457	1455
1455	1458	1456
1453	1452	1457
1453	1456	1458
1453	1460	1459
1463	1462	1460
1462	1461	1461
1467	1466	1462
1466	1464	1463
1471	1478	1464
1473	1476	1465
1474	1475	1466
1471	1470	1467
1482	1486	1468
1486	1484	1469
1485	1480	1470
1486	1481	1471
1488	1490	1472
1489	1488	1473
1490	1489	1474
1488	1489	1475
1493	1492	1476
1491	1492	1477
1492	1493	1478
1491	1493	1479
1493	1491	1480
1492	1491	1481
1494	1497	1482
1497	1496	1483
1496	1494	1484
1496	1497	1485
1498	1500	1486
1498	1499	1487
1500	1501	1488
1499	1501	1489
1499	1498	1490
1498	1501	1491
1502	1501	1492
1504	1507	1493
1506	1503	1494
1505	1504	1495
1503	1504	1496
1509	1510	1497
1508	1509	1498
1510	1508	1499
1510	1509	1500
1508	1510	1501
1509	1508	1502
1511	1513	1503
1513	1511	1504
1514	1511	1505
1512	1514	1506
1516	1523	1507
1521	1519	1508
1515	1522	1509
1515	1520	1510
1526	1524	1511
1525	1527	1512
1527	1526	1513
1525	1524	1514
1531	1530	1515
1528	1532	1516
1537	1540	1517
1538	1534	1518
1535	1536	1519
1539	1536	1520
1543	1547	1521
1542	1543	1522
1547	1545	1523
1546	1548	1524
1550	1554	1525
1552	1551	1526
1550	1549	1527
1555	1552	1528
1564	1565	1529
1561	1565	1530
1562	1564	1531
1559	1563	1532
1564	1559	1533
1563	1562	1534
1564	1562	1535
1559	1565	1536
1562	1560	1537
1560	1565	1538
1561	1559	1539
1560	1562	1540
1565	1559	1541
1562	1561	1542
1563	1560	1543
1559	1561	1544
1563	1561	1545
1564	1560	1546
1560	1563	1547
1567	1568	1548
1568	1567	1549
1566	1569	1550
1568	1566	1551
1569	1566	1552
1569	1567	1553
1568	1569	1554
1567	1566	1555
1571	1572	1556
1571	1570	1557
1570	1572	1558
1570	1571	1559
1574	1573	1560
1575	1573	1561
1574	1577	1562
1577	1576	1563
1580	1582	1564
1580	1579	1565
1582	1579	1566
1578	1580	1567
1583	1584	1568
1584	1585	1569
1584	1583	1570
1585	1584	1571
1585	1583	1572
1583	1585	1573
1588	1586	1574
1587	1586	1575
1588	1587	1576
1587	1588	1577
1586	1588	1578
1586	1587	1579
1590	1596	1580
1589	1590	1581
1593	1595	1582
1590	1589	1583
1597	1599	1584
1599	1597	1585
1600	1597	1586
1598	1599	1587
1597	1598	1588
1598	1597	1589
1599	1598	1590
1600	1599	1591
1604	1601	1592
1602	1604	1593
1601	1603	1594
1603	1604	1595
1606	1605	1596
1605	1606	1597
1606	1608	1598
1607	1606	1599
1608	1606	1600
1607	1605	1601
1605	1607	1602
1606	1607	1603
1617	1611	1604
1614	1611	1605
1614	1610	1606
1612	1617	1607
1618	1619	1608
1623	1618	1609
1623	1620	1610
1621	1618	1611
1624	1629	1612
1628	1629	1613
1625	1627	1614
1629	1627	1615
1625	1624	1616
1628	1624	1617
1625	1626	1618
1624	1626	1619
1631	1630	1620
1630	1631	1621
1638	1635	1622
1634	1633	1623
1634	1638	1624
1632	1633	1625
1639	1642	1626
1644	1640	1627
1639	1640	1628
1639	1644	1629
1646	1648	1630
1649	1648	1631
1646	1649	1632
1649	1646	1633
1647	1648	1634
1648	1646	1635
1648	1649	1636
1649	1647	1637
1658	1650	1638
1655	1656	1639
1655	1657	1640
1655	1650	1641
1662	1665	1642
1662	1663	1643
1664	1661	1644
1662	1659	1645
1671	1667	1646
1671	1666	1647
1666	1668	1648
1668	1670	1649
1671	1668	1650
1669	1670	1651
1670	1668	1652
1670	1671	1653
1674	1675	1654
1675	1673	1655
1672	1675	1656
1673	1675	1657
1678	1676	1658
1678	1679	1659
1677	1678	1660
1679	1676	1661
1681	1680	1662
1681	1682	1663
1680	1681	1664
1682	1681	1665
1686	1683	1666
1689	1688	1667
1688	1686	1668
1685	1684	1669
1691	1693	1670
1696	1691	1671
1692	1691	1672
1692	1696	1673
1692	1695	1674
1692	1694	1675
1690	1693	1676
1695	1691	1677
1695	1692	1678
1693	1692	1679
1691	1695	1680
1690	1696	1681
1690	1694	1682
1693	1695	1683
1691	1696	1684
1694	1695	1685
1698	1697	1686
1702	1701	1687
1697	1699	1688
1701	1698	1689
1707	1705	1690
1706	1705	1691
1705	1704	1692
1704	1703	1693
1705	1707	1694
1705	1703	1695
1703	1705	1696
1716	1715	1697
1713	1709	1698
1711	1712	1699
1708	1711	1700
1720	1721	1701
1719	1721	1702
1721	1720	1703
1722	1717	1704
1724	1723	1705
1728	1723	1706
1728	1727	1707
1728	1725	1708
1731	1730	1709
1731	1729	1710
1729	1731	1711
1730	1731	1712
1736	1734	1713
1732	1733	1714
1735	1732	1715
1733	1735	1716
1733	1736	1717
1736	1735	1718
1736	1732	1719
1734	1736	1720
1744	1737	1721
1741	1739	1722
1744	1739	1723
1741	1737	1724
1747	1749	1725
1745	1748	1726
1748	1747	1727
1747	1745	1728
1745	1746	1729
1746	1748	1730
1746	1745	1731
1749	1747	1732
1751	1750	1733
1750	1754	1734
1753	1754	1735
1754	1751	1736
1761	1757	1737
1758	1760	1738
1759	1761	1739
1759	1756	1740
1765	1767	1741
1762	1763	1742
1769	1768	1743
1769	1767	1744
1770	1773	1745
1771	1773	1746
1776	1775	1747
1774	1775	1748
1770	1771	1749
1776	1771	1750
1776	1773	1751
1779	1782	1752
1783	1777	1753
1783	1782	1754
1777	1780	1755
1788	1786	1756
1786	1785	1757
1784	1785	1758
1787	1785	1759
1787	1790	1760
1786	1790	1761
1788	1784	1762
1789	1790	1763
1789	1785	1764
1789	1784	1765
1788	1787	1766
1784	1786	1767
1795	1799	1768
1799	1801	1769
1801	1792	1770
1802	1798	1771
1796	1793	1772
1791	1801	1773
1797	1801	1774
1791	1798	1775
1804	1803	1776
1808	1807	1777
1805	1807	1778
1806	1804	1779
1815	1814	1780
1810	1813	1781
1812	1809	1782
1809	1810	1783
1810	1809	1784
1815	1809	1785
1813	1810	1786
1809	1814	1787
1809	1811	1788
1814	1812	1789
1814	1809	1790
1814	1815	1791
1809	1812	1792
1810	1812	1793
1811	1810	1794
1815	1812	1795
1816	1820	1796
1816	1818	1797
1821	1816	1798
1823	1822	1799
1826	1828	1800
1830	1826	1801
1827	1831	1802
1825	1830	1803
1832	1834	1804
1832	1833	1805
1833	1834	1806
1834	1832	1807
1833	1832	1808
1834	1833	1809
1839	1840	1810
1838	1840	1811
1840	1836	1812
1840	1838	1813
1841	1836	1814
1838	1836	1815
1839	1838	1816
1836	1839	1817
1853	1849	1818
1846	1847	1819
1852	1844	1820
1847	1846	1821
1845	1853	1822
1850	1851	1823
1846	1853	1824
1852	1848	1825
1855	1858	1826
1854	1855	1827
1854	1858	1828
1855	1857	1829
1864	1859	1830
1860	1864	1831
1862	1861	1832
1862	1863	1833
1863	1862	1834
1860	1859	1835
1859	1864	1836
1860	1861	1837
1863	1864	1838
1861	1862	1839
1863	1861	1840
1867	1866	1841
1866	1869	1842
1866	1868	1843
1869	1866	1844
1871	1872	1845
1870	1872	1846
1870	1871	1847
1872	1873	1848
1875	1876	1849
1874	1876	1850
1876	1874	1851
1875	1874	1852
1880	1881	1853
1882	1877	1854
1881	1879	1855
1882	1881	1856
1886	1887	1857
1887	1885	1858
1887	1884	1859
1885	1886	1860
1891	1892	1861
1890	1892	1862
1892	1889	1863
1890	1889	1864
1894	1897	1865
1896	1897	1866
1897	1893	1867
1895	1897	1868
1903	1900	1869
1903	1901	1870
1900	1901	1871
1901	1903	1872
1905	1904	1873
1906	1907	1874
1904	1907	1875
1906	1904	1876
1912	1913	1877
1909	1911	1878
1913	1909	1879
1912	1911	1880
1910	1913	1881
1910	1911	1882
1911	1912	1883
1920	1915	1884
1920	1914	1885
1918	1914	1886
1919	1917	1887
1925	1924	1888
1926	1924	1889
1927	1928	1890
1924	1929	1891
1928	1926	1892
1923	1929	1893
1928	1925	1894
1929	1924	1895
1926	1927	1896
1923	1927	1897
1926	1928	1898
1929	1925	1899
1924	1926	1900
1923	1928	1901
1924	1928	1902
1925	1929	1903
1933	1930	1904
1933	1932	1905
1930	1931	1906
1931	1930	1907
1935	1934	1908
1934	1935	1909
1940	1939	1910
1939	1937	1911
1938	1941	1912
1940	1936	1913
1942	1939	1914
1941	1936	1915
1938	1936	1916
1942	1937	1917
1939	1938	1918
1941	1942	1919
1936	1942	1920
1939	1941	1921
1947	1950	1922
1947	1945	1923
1946	1944	1924
1950	1949	1925
1944	1950	1926
1945	1948	1927
1943	1946	1928
1947	1943	1929
1950	1951	1930
1949	1950	1931
1943	1951	1932
1943	1944	1933
1956	1953	1934
1953	1956	1935
1954	1953	1936
1956	1955	1937
1963	1959	1938
1960	1961	1939
1961	1963	1940
1964	1962	1941
1968	1966	1942
1967	1968	1943
1969	1965	1944
1968	1967	1945
1967	1965	1946
1966	1967	1947
1967	1969	1948
1971	1973	1949
1976	1971	1950
1976	1977	1951
1971	1974	1952
1972	1971	1953
1975	1976	1954
1977	1975	1955
1977	1970	1956
1973	1972	1957
1977	1972	1958
1977	1974	1959
1973	1977	1960
1973	1974	1961
1974	1971	1962
1977	1976	1963
1973	1975	1964
1975	1974	1965
1974	1977	1966
1975	1970	1967
1974	1972	1968
1980	1979	1969
1978	1979	1970
1979	1980	1971
1980	1978	1972
1981	1982	1973
1982	1981	1974
1984	1983	1975
1982	1984	1976
1988	1985	1977
1985	1986	1978
1985	1987	1979
1987	1986	1980
1989	1991	1981
1989	1990	1982
1992	1989	1983
1991	1990	1984
1991	1993	1985
1992	1991	1986
1992	1993	1987
1994	1998	1988
1999	1994	1989
1997	1996	1990
1997	1998	1991
2007	2002	1992
2002	2007	1993
2002	2003	1994
2003	2001	1995
2010	2009	1996
2011	2009	1997
2010	2013	1998
2013	2009	1999
2015	2014	2000
2016	2014	2001
2016	2015	2002
2015	2016	2003
2014	2015	2004
2015	2017	2005
2017	2015	2006
2014	2017	2007
2022	2026	2008
2026	2022	2009
2020	2026	2010
2019	2023	2011
2024	2020	2012
2025	2021	2013
2026	2019	2014
2022	2019	2015
2030	2027	2016
2030	2029	2017
2027	2030	2018
2028	2029	2019
2032	2034	2020
2033	2031	2021
2031	2032	2022
2031	2034	2023
2031	2033	2024
2032	2031	2025
2032	2033	2026
2041	2042	2027
2036	2038	2028
2036	2042	2029
2038	2042	2030
2040	2041	2031
2042	2039	2032
2036	2035	2033
2039	2042	2034
2049	2051	2035
2044	2047	2036
2051	2050	2037
2050	2048	2038
2055	2054	2039
2053	2055	2040
2054	2055	2041
2055	2053	2042
2054	2053	2043
2053	2054	2044
2056	2057	2045
2056	2058	2046
2058	2056	2047
2058	2057	2048
2065	2066	2049
2066	2063	2050
2060	2061	2051
2062	2061	2052
2061	2060	2053
2067	2063	2054
2064	2066	2055
2061	2065	2056
2061	2064	2057
2061	2062	2058
2059	2063	2059
2060	2062	2060
2059	2060	2061
2067	2066	2062
2067	2060	2063
2062	2066	2064
2059	2062	2065
2063	2060	2066
2061	2059	2067
2059	2066	2068
2059	2064	2069
2064	2059	2070
2059	2061	2071
2067	2062	2072
2071	2068	2073
2073	2068	2074
2071	2072	2075
2068	2069	2076
2072	2069	2077
2072	2071	2078
2069	2071	2079
2070	2072	2080
2074	2077	2081
2076	2075	2082
2077	2074	2083
2077	2075	2084
2075	2077	2085
2074	2075	2086
2074	2076	2087
2081	2088	2088
2086	2081	2089
2078	2080	2090
2088	2085	2091
2093	2089	2092
2090	2092	2093
2090	2089	2094
2094	2092	2095
2090	2091	2096
2092	2093	2097
2096	2093	2098
2096	2091	2099
2100	2102	2100
2101	2100	2101
2099	2097	2102
2098	2100	2103
2105	2108	2104
2103	2109	2105
2109	2108	2106
2105	2104	2107
2112	2110	2108
2111	2110	2109
2110	2111	2110
2112	2111	2111
2116	2114	2112
2113	2116	2113
2116	2113	2114
2115	2116	2115
2119	2124	2116
2120	2122	2117
2124	2118	2118
2123	2117	2119
2117	2123	2120
2118	2124	2121
2119	2117	2122
2119	2121	2123
2126	2129	2124
2126	2127	2125
2129	2127	2126
2129	2126	2127
2134	2133	2128
2132	2135	2129
2132	2137	2130
2131	2133	2131
2144	2139	2132
2141	2144	2133
2143	2139	2134
2142	2139	2135
2148	2145	2136
2146	2145	2137
2151	2148	2138
2145	2146	2139
2157	2152	2140
2156	2153	2141
2157	2153	2142
2158	2155	2143
2160	2162	2144
2162	2164	2145
2161	2159	2146
2159	2163	2147
2160	2163	2148
2164	2161	2149
2160	2161	2150
2161	2160	2151
2166	2168	2152
2168	2166	2153
2168	2167	2154
2167	2168	2155
2171	2170	2156
2172	2171	2157
2170	2172	2158
2172	2169	2159
2175	2174	2160
2173	2174	2161
2175	2173	2162
2174	2175	2163
2176	2179	2164
2176	2181	2165
2176	2177	2166
2179	2178	2167
2179	2181	2168
2178	2176	2169
2177	2181	2170
2182	2181	2171
2183	2186	2172
2185	2184	2173
2186	2185	2174
2185	2183	2175
2188	2187	2176
2188	2189	2177
2187	2189	2178
2189	2188	2179
2191	2192	2180
2195	2196	2181
2193	2196	2182
2196	2190	2183
2191	2195	2184
2194	2195	2185
2193	2194	2186
2193	2192	2187
2196	2191	2188
2190	2192	2189
2195	2190	2190
2191	2196	2191
2194	2196	2192
2195	2192	2193
2194	2192	2194
2192	2196	2195
2195	2191	2196
2193	2191	2197
2190	2193	2198
2190	2195	2199
2190	2191	2200
2192	2193	2201
2196	2192	2202
2196	2194	2203
2192	2195	2204
2190	2194	2205
2196	2193	2206
2193	2190	2207
2192	2194	2208
2191	2193	2209
2194	2191	2210
2192	2190	2211
2200	2202	2212
2201	2202	2213
2203	2204	2214
2201	2204	2215
2210	2208	2216
2209	2212	2217
2211	2209	2218
2210	2206	2219
2214	2215	2220
2213	2217	2221
2217	2215	2222
2213	2216	2223
2220	2218	2224
2218	2220	2225
2224	2225	2226
2223	2224	2227
2225	2223	2228
2222	2223	2229
2227	2226	2230
2226	2227	2231
2230	2233	2232
2230	2232	2233
2230	2228	2234
2229	2231	2235
2235	2234	2236
2234	2236	2237
2236	2234	2238
2234	2235	2239
2238	2240	2240
2238	2237	2241
2240	2241	2242
2239	2241	2243
2242	2243	2244
2243	2244	2245
2244	2243	2246
2242	2244	2247
2246	2245	2248
2247	2246	2249
2245	2246	2250
2245	2247	2251
2250	2248	2252
2252	2251	2253
2253	2251	2254
2253	2248	2255
2251	2248	2256
2249	2248	2257
2250	2251	2258
2248	2251	2259
2259	2258	2260
2258	2256	2261
2255	2256	2262
2260	2257	2263
2260	2256	2264
2260	2258	2265
2256	2260	2266
2260	2259	2267
2256	2258	2268
2254	2255	2269
2256	2255	2270
2259	2254	2271
2254	2256	2272
2256	2257	2273
2257	2256	2274
2263	2262	2275
2261	2262	2276
2262	2263	2277
2263	2261	2278
2265	2268	2279
2265	2264	2280
2267	2266	2281
2265	2269	2282
2274	2273	2283
2272	2274	2284
2272	2273	2285
2271	2273	2286
2278	2275	2287
2278	2276	2288
2276	2282	2289
2280	2281	2290
2285	2283	2291
2283	2285	2292
2283	2286	2293
2284	2285	2294
2283	2284	2295
2286	2285	2296
2284	2283	2297
2286	2283	2298
2285	2284	2299
2284	2286	2300
2285	2286	2301
2292	2291	2302
2292	2288	2303
2291	2290	2304
2292	2289	2305
2299	2298	2306
2297	2295	2307
2295	2294	2308
2296	2294	2309
2294	2298	2310
2294	2296	2311
2296	2299	2312
2294	2297	2313
2306	2309	2314
2309	2308	2315
2301	2306	2316
2303	2304	2317
2301	2303	2318
2304	2300	2319
2300	2308	2320
2311	2310	2321
2310	2311	2322
2311	2312	2323
2312	2310	2324
2315	2317	2325
2316	2315	2326
2313	2315	2327
2319	2318	2328
2324	2325	2329
2322	2324	2330
2322	2321	2331
2325	2322	2332
2332	2331	2333
2330	2329	2334
2330	2328	2335
2327	2329	2336
2337	2333	2337
2334	2333	2338
2336	2335	2339
2336	2333	2340
2334	2335	2341
2337	2336	2342
2337	2335	2343
2335	2333	2344
2344	2340	2345
2343	2339	2346
2343	2342	2347
2340	2339	2348
2345	2347	2349
2347	2350	2350
2345	2350	2351
2350	2349	2352
2351	2354	2353
2351	2352	2354
2351	2353	2355
2353	2352	2356
2352	2354	2357
2354	2352	2358
2354	2351	2359
2352	2353	2360
2358	2355	2361
2355	2357	2362
2356	2358	2363
2357	2358	2364
2361	2363	2365
2364	2365	2366
2365	2362	2367
2364	2363	2368
2368	2367	2369
2366	2368	2370
2370	2366	2371
2369	2366	2372
2367	2369	2373
2366	2369	2374
2367	2366	2375
2370	2369	2376
2369	2370	2377
2369	2367	2378
2366	2370	2379
2370	2368	2380
2368	2366	2381
2368	2370	2382
2367	2368	2383
2369	2368	2384
2375	2371	2385
2371	2372	2386
2374	2372	2387
2374	2375	2388
2373	2375	2389
2375	2376	2390
2372	2371	2391
2373	2372	2392
2377	2378	2393
2381	2379	2394
2377	2379	2395
2378	2380	2396
2385	2382	2397
2384	2383	2398
2383	2384	2399
2383	2385	2400
2386	2388	2401
2390	2387	2402
2389	2388	2403
2389	2390	2404
2391	2394	2405
2396	2391	2406
2397	2393	2407
2399	2396	2408
2402	2403	2409
2405	2403	2410
2406	2405	2411
2400	2403	2412
2406	2402	2413
2402	2406	2414
2404	2406	2415
2407	2405	2416
2408	2410	2417
2409	2411	2418
2410	2408	2419
2410	2409	2420
2409	2408	2421
2410	2411	2422
2411	2409	2423
2409	2410	2424
2413	2412	2425
2414	2413	2426
2412	2413	2427
2412	2414	2428
2417	2416	2429
2418	2417	2430
2416	2418	2431
2418	2416	2432
2419	2418	2433
2417	2418	2434
2419	2417	2435
2417	2415	2436
2423	2422	2437
2424	2421	2438
2423	2420	2439
2422	2421	2440
2425	2433	2441
2425	2426	2442
2427	2432	2443
2432	2427	2444
2427	2430	2445
2429	2427	2446
2433	2431	2447
2429	2428	2448
2436	2434	2449
2435	2434	2450
2437	2436	2451
2434	2437	2452
2437	2435	2453
2437	2434	2454
2435	2436	2455
2441	2439	2456
2438	2439	2457
2441	2438	2458
2438	2440	2459
2443	2442	2460
2442	2443	2461
2444	2442	2462
2444	2443	2463
2448	2449	2464
2448	2447	2465
2448	2446	2466
2447	2449	2467
2455	2452	2468
2456	2454	2469
2456	2453	2470
2456	2455	2471
2455	2451	2472
2453	2455	2473
2454	2451	2474
2452	2455	2475
2457	2461	2476
2458	2461	2477
2460	2457	2478
2459	2461	2479
2457	2460	2480
2458	2460	2481
2460	2459	2482
2457	2458	2483
2468	2463	2484
2463	2468	2485
2469	2465	2486
2462	2463	2487
2465	2468	2488
2466	2464	2489
2465	2464	2490
2471	2470	2491
2476	2475	2492
2474	2478	2493
2475	2473	2494
2474	2475	2495
2472	2475	2496
2479	2476	2497
2479	2474	2498
2473	2478	2499
2477	2475	2500
2473	2475	2501
2475	2472	2502
2477	2472	2503
2481	2480	2504
2481	2482	2505
2482	2483	2506
2483	2480	2507
2487	2488	2508
2486	2487	2509
2485	2484	2510
2484	2485	2511
2484	2488	2512
2485	2487	2513
2487	2484	2514
2487	2486	2515
2490	2491	2516
2492	2491	2517
2491	2492	2518
2489	2491	2519
2498	2496	2520
2496	2497	2521
2495	2497	2522
2497	2494	2523
2506	2508	2524
2508	2506	2525
2506	2501	2526
2505	2502	2527
2509	2514	2528
2513	2515	2529
2514	2512	2530
2509	2515	2531
2517	2516	2532
2516	2517	2533
2521	2519	2534
2519	2521	2535
2518	2521	2536
2520	2518	2537
2520	2521	2538
2520	2519	2539
2521	2518	2540
2521	2520	2541
2526	2524	2542
2524	2525	2543
2526	2522	2544
2522	2524	2545
2530	2528	2546
2528	2527	2547
2528	2530	2548
2527	2529	2549
2530	2529	2550
2529	2527	2551
2530	2527	2552
2532	2531	2553
2533	2532	2554
2534	2532	2555
2531	2534	2556
2535	2537	2557
2538	2539	2558
2537	2535	2559
2541	2542	2560
2543	2541	2561
2540	2543	2562
2538	2535	2563
2541	2540	2564
2538	2542	2565
2541	2538	2566
2541	2543	2567
2539	2538	2568
2540	2539	2569
2538	2537	2570
2539	2540	2571
2536	2539	2572
2536	2542	2573
2540	2536	2574
2537	2540	2575
2537	2543	2576
2543	2536	2577
2543	2535	2578
2540	2537	2579
2543	2542	2580
2546	2545	2581
2545	2546	2582
2544	2547	2583
2544	2546	2584
2545	2544	2585
2547	2544	2586
2547	2545	2587
2548	2551	2588
2549	2551	2589
2551	2549	2590
2550	2548	2591
2554	2557	2592
2553	2554	2593
2555	2556	2594
2557	2556	2595
2559	2558	2596
2558	2562	2597
2561	2558	2598
2560	2559	2599
2564	2563	2600
2563	2564	2601
2566	2567	2602
2565	2567	2603
2566	2565	2604
2567	2565	2605
2565	2566	2606
2567	2566	2607
2570	2571	2608
2570	2568	2609
2568	2570	2610
2569	2570	2611
2573	2574	2612
2572	2575	2613
2575	2574	2614
2573	2572	2615
2574	2575	2616
2572	2573	2617
2573	2575	2618
2574	2573	2619
2578	2576	2620
2577	2579	2621
2581	2580	2622
2579	2581	2623
2582	2583	2624
2582	2584	2625
2588	2584	2626
2588	2586	2627
2600	2602	2628
2597	2603	2629
2592	2590	2630
2600	2592	2631
2604	2607	2632
2606	2605	2633
2606	2609	2634
2609	2610	2635
2605	2606	2636
2609	2604	2637
2609	2605	2638
2604	2609	2639
2607	2604	2640
2605	2607	2641
2608	2607	2642
2607	2610	2643
2606	2608	2644
2604	2608	2645
2607	2608	2646
2610	2604	2647
2613	2611	2648
2613	2612	2649
2611	2613	2650
2611	2612	2651
2612	2613	2652
2612	2611	2653
2616	2621	2654
2619	2622	2655
2616	2614	2656
2617	2618	2657
2618	2614	2658
2620	2615	2659
2617	2622	2660
2619	2621	2661
2628	2625	2662
2624	2625	2663
2624	2628	2664
2629	2628	2665
2626	2628	2666
2629	2625	2667
2624	2629	2668
2627	2624	2669
2625	2626	2670
2628	2629	2671
2628	2626	2672
2627	2629	2673
2627	2628	2674
2626	2627	2675
2625	2629	2676
2627	2625	2677
2630	2633	2678
2634	2631	2679
2631	2632	2680
2634	2632	2681
2640	2636	2682
2642	2640	2683
2635	2638	2684
2640	2638	2685
2635	2639	2686
2639	2642	2687
2639	2635	2688
2639	2638	2689
2646	2644	2690
2645	2643	2691
2643	2645	2692
2646	2643	2693
2645	2644	2694
2646	2645	2695
2644	2645	2696
2643	2644	2697
2643	2646	2698
2644	2643	2699
2645	2646	2700
2644	2646	2701
2653	2648	2702
2652	2648	2703
2648	2650	2704
2650	2648	2705
2652	2650	2706
2651	2650	2707
2647	2652	2708
2649	2652	2709
2660	2659	2710
2659	2658	2711
2654	2660	2712
2659	2656	2713
2658	2660	2714
2657	2659	2715
2656	2660	2716
2656	2658	2717
2659	2657	2718
2655	2659	2719
2659	2654	2720
2664	2662	2721
2662	2663	2722
2663	2664	2723
2665	2663	2724
2666	2671	2725
2668	2673	2726
2670	2666	2727
2673	2667	2728
2678	2676	2729
2674	2678	2730
2677	2674	2731
2676	2678	2732
2676	2679	2733
2677	2678	2734
2679	2674	2735
2682	2684	2736
2686	2684	2737
2685	2684	2738
2683	2685	2739
2684	2681	2740
2686	2683	2741
2680	2684	2742
2686	2680	2743
2681	2683	2744
2683	2684	2745
2684	2685	2746
2681	2680	2747
2683	2681	2748
2682	2680	2749
2686	2681	2750
2684	2683	2751
2688	2689	2752
2688	2690	2753
2690	2689	2754
2690	2687	2755
2691	2692	2756
2692	2695	2757
2692	2694	2758
2695	2691	2759
2701	2699	2760
2697	2699	2761
2702	2700	2762
2701	2700	2763
2702	2699	2764
2699	2700	2765
2701	2702	2766
2702	2697	2767
2703	2705	2768
2704	2703	2769
2705	2703	2770
2706	2704	2771
2707	2708	2772
2708	2707	2773
2709	2710	2774
2711	2708	2775
2712	2710	2776
2712	2711	2777
2710	2711	2778
2710	2712	2779
2714	2717	2780
2715	2714	2781
2717	2716	2782
2714	2716	2783
2720	2718	2784
2719	2720	2785
2720	2719	2786
2719	2721	2787
2718	2721	2788
2720	2721	2789
2718	2719	2790
2722	2721	2791
2725	2723	2792
2724	2723	2793
2726	2724	2794
2723	2726	2795
2729	2727	2796
2730	2727	2797
2729	2728	2798
2727	2728	2799
2735	2733	2800
2734	2733	2801
2732	2734	2802
2733	2735	2803
2732	2735	2804
2734	2732	2805
2733	2732	2806
2735	2732	2807
2738	2739	2808
2739	2737	2809
2738	2736	2810
2736	2737	2811
2743	2746	2812
2748	2744	2813
2745	2741	2814
2741	2744	2815
2756	2755	2816
2751	2757	2817
2757	2756	2818
2755	2750	2819
2753	2752	2820
2754	2752	2821
2757	2753	2822
2757	2758	2823
2750	2754	2824
2757	2751	2825
2751	2749	2826
2758	2756	2827
2753	2756	2828
2753	2751	2829
2753	2757	2830
2755	2753	2831
2758	2755	2832
2749	2750	2833
2754	2755	2834
2758	2752	2835
2756	2750	2836
2757	2755	2837
2752	2755	2838
2749	2754	2839
2750	2756	2840
2753	2758	2841
2757	2750	2842
2753	2755	2843
2758	2753	2844
2750	2749	2845
2762	2761	2846
2759	2762	2847
2761	2759	2848
2759	2760	2849
2767	2774	2850
2767	2766	2851
2767	2772	2852
2768	2767	2853
2783	2777	2854
2779	2782	2855
2779	2777	2856
2777	2779	2857
2776	2783	2858
2783	2781	2859
2776	2777	2860
2780	2781	2861
2781	2782	2862
2777	2781	2863
2780	2777	2864
2782	2780	2865
2786	2784	2866
2786	2785	2867
2784	2786	2868
2785	2784	2869
2784	2785	2870
2785	2786	2871
2787	2788	2872
2789	2787	2873
2788	2790	2874
2787	2789	2875
2792	2798	2876
2797	2794	2877
2794	2799	2878
2793	2797	2879
2796	2795	2880
2794	2795	2881
2795	2796	2882
2791	2798	2883
2803	2804	2884
2804	2802	2885
2802	2804	2886
2801	2802	2887
2811	2806	2888
2810	2809	2889
2808	2810	2890
2808	2809	2891
2812	2813	2892
2814	2817	2893
2814	2816	2894
2816	2814	2895
2820	2821	2896
2823	2824	2897
2824	2823	2898
2822	2824	2899
2824	2822	2900
2822	2823	2901
2825	2827	2902
2827	2826	2903
2826	2825	2904
2825	2826	2905
2826	2827	2906
2830	2828	2907
2829	2832	2908
2830	2832	2909
2830	2830	2910
2830	2829	2911
2832	2828	2912
2828	2832	2913
2829	2830	2914
2828	2830	2915
2832	2829	2916
2829	2828	2917
2828	2829	2918
2833	2834	2919
2839	2838	2920
2836	2839	2921
2838	2835	2922
2835	2836	2923
2837	2836	2924
2838	2837	2925
2837	2839	2926
2835	2837	2927
2836	2837	2928
2838	2836	2929
2835	2839	2930
2836	2835	2931
2838	2839	2932
2839	2836	2933
2836	2838	2934
2837	2835	2935
2839	2837	2936
2837	2838	2937
2835	2838	2938
2842	2841	2939
2841	2842	2940
2843	2842	2941
2841	2843	2942
2842	2843	2943
2843	2841	2944
2840	2843	2945
2840	2842	2946
2842	2840	2947
2843	2840	2948
2840	2841	2949
2845	2846	2950
2845	2844	2951
2844	2845	2952
2846	2845	2953
2844	2846	2954
2848	2847	2955
2847	2849	2956
2848	2849	2957
2847	2848	2958
2849	2848	2959
2850	2851	2960
2852	2853	2961
2853	2850	2962
2850	2853	2963
2853	2852	2964
2850	2852	2965
2853	2851	2966
2851	2853	2967
2851	2852	2968
2852	2850	2969
2852	2851	2970
2854	2855	2971
2856	2855	2972
2855	2854	2973
2855	2856	2974
2857	2856	2975
2854	2856	2976
2856	2854	2977
2856	2857	2978
2861	2862	2979
2862	2860	2980
2861	2860	2981
2860	2859	2982
2860	2862	2983
2859	2861	2984
2858	2859	2985
2861	2859	2986
2859	2858	2987
2860	2861	2988
2858	2862	2989
2862	2858	2990
2858	2860	2991
2862	2861	2992
2859	2860	2993
2859	2862	2994
2862	2859	2995
2858	2861	2996
2863	2864	2997
2866	2870	2998
2866	2868	2999
2868	2869	3000
2869	2867	3001
2870	2868	3002
2867	2871	3003
2865	2867	3004
2871	2869	3005
2870	2866	3006
2867	2870	3007
2869	2871	3008
2868	2865	3009
2867	2866	3010
2865	2869	3011
2870	2871	3012
2867	2868	3013
2868	2871	3014
2871	2868	3015
2866	2867	3016
2867	2869	3017
2871	2870	3018
2869	2868	3019
2869	2870	3020
2868	2867	3021
2869	2865	3022
2865	2868	3023
2869	2866	3024
2870	2867	3025
2865	2866	3026
2867	2865	3027
2871	2867	3028
2868	2870	3029
2866	2865	3030
2868	2866	3031
2866	2869	3032
2873	2872	3033
2874	2872	3034
2872	2873	3035
2872	2874	3036
2873	2874	3037
2875	2876	3038
2879	2877	3039
2877	2878	3040
2879	2878	3041
2877	2879	3042
2878	2877	3043
2881	2880	3044
2880	2881	3045
2882	2881	3046
2880	2882	3047
2881	2882	3048
2883	2884	3049
2886	2885	3050
2888	2887	3051
2887	2886	3052
2885	2887	3053
2886	2887	3054
2885	2888	3055
2887	2888	3056
2887	2885	3057
2886	2888	3058
2885	2886	3059
2888	2885	3060
2888	2886	3061
2893	2892	3062
2890	2893	3063
2893	2891	3064
2889	2893	3065
2889	2891	3066
2891	2893	3067
2893	2890	3068
2891	2892	3069
2889	2890	3070
2889	2892	3071
2892	2891	3072
2890	2889	3073
2892	2890	3074
2891	2890	3075
2892	2893	3076
2890	2891	3077
2890	2892	3078
2895	2894	3079
2894	2895	3080
2896	2895	3081
2894	2896	3082
2895	2896	3083
2897	2898	3084
2899	2897	3085
2899	2900	3086
2900	2898	3087
2897	2897	3088
2900	2899	3089
2898	2899	3090
2897	2899	3091
2899	2898	3092
2903	2904	3093
2903	2902	3094
2901	2903	3095
2901	2902	3096
2904	2902	3097
2902	2901	3098
2904	2903	3099
2902	2904	3100
2903	2901	3101
2901	2904	3102
2902	2903	3103
2908	2905	3104
2905	2907	3105
2906	2908	3106
2906	2907	3107
2907	2906	3108
2908	2906	3109
2905	2906	3110
2907	2905	3111
2907	2908	3112
2905	2908	3113
2908	2907	3114
2912	2910	3115
2909	2912	3116
2909	2913	3117
2909	2911	3118
2910	2909	3119
2912	2909	3120
2913	2910	3121
2911	2912	3122
2912	2913	3123
2910	2913	3124
2911	2913	3125
2911	2909	3126
2913	2911	3127
2913	2912	3128
2910	2912	3129
2912	2911	3130
2911	2910	3131
2909	2910	3132
2910	2911	3133
2915	2914	3134
2916	2917	3135
2918	2919	3136
2920	2922	3137
2921	2920	3138
2921	2922	3139
2922	2920	3140
2922	2921	3141
2923	2926	3142
2925	2924	3143
2925	2923	3144
2925	2926	3145
2924	2926	3146
2924	2925	3147
2926	2925	3148
2923	2924	3149
2923	2925	3150
2926	2923	3151
2926	2924	3152
2928	2929	3153
2930	2931	3154
2934	2935	3155
2934	2933	3156
2935	2934	3157
2935	2933	3158
2932	2934	3159
2932	2935	3160
2933	2935	3161
2935	2932	3162
2932	2933	3163
2933	2934	3164
2933	2932	3165
2936	2937	3166
2939	2938	3167
2941	2942	3168
2941	2940	3169
2942	2941	3170
2940	2942	3171
2940	2941	3172
2945	2944	3173
2945	2943	3174
2944	2945	3175
2943	2944	3176
2943	2945	3177
2948	2946	3178
2948	2947	3179
2947	2948	3180
2946	2947	3181
2946	2948	3182
2952	2950	3183
2952	2951	3184
2949	2950	3185
2949	2951	3186
2951	2952	3187
2951	2950	3188
2950	2951	3189
2950	2952	3190
2951	2949	3191
2949	2952	3192
2950	2949	3193
2954	2955	3194
2953	2954	3195
2956	2954	3196
2956	2953	3197
2956	2955	3198
2955	2953	3199
2954	2956	3200
2953	2956	3201
2955	2956	3202
2953	2955	3203
2955	2954	3204
2957	2958	3205
2959	2958	3206
2957	2959	3207
2958	2959	3208
2961	2963	3209
2960	2962	3210
2962	2964	3211
2961	2962	3212
2960	2964	3213
2964	2963	3214
2963	2961	3215
2963	2960	3216
2963	2962	3217
2960	2963	3218
2961	2964	3219
2962	2960	3220
2964	2962	3221
2962	2961	3222
2960	2961	3223
2964	2961	3224
2963	2964	3225
2962	2963	3226
2964	2960	3227
2968	2965	3228
2969	2967	3229
2967	2968	3230
2968	2969	3231
2966	2968	3232
2969	2966	3233
2966	2967	3234
2968	2967	3235
2967	2966	3236
2966	2969	3237
2965	2969	3238
2966	2965	3239
2969	2968	3240
2967	2969	3241
2967	2965	3242
2965	2968	3243
2965	2966	3244
2965	2967	3245
2968	2966	3246
2970	2972	3247
2972	2971	3248
2971	2970	3249
2970	2971	3250
2971	2972	3251
2975	2974	3252
2975	2973	3253
2973	2975	3254
2973	2974	3255
2974	2975	3256
2978	2976	3257
2977	2978	3258
2976	2977	3259
2978	2977	3260
2976	2978	3261
2981	2982	3262
2980	2982	3263
2981	2980	3264
2979	2981	3265
2980	2981	3266
2982	2979	3267
2979	2980	3268
2979	2982	3269
2982	2981	3270
2982	2980	3271
2983	2984	3272
2985	2986	3273
2988	2987	3274
2989	2993	3275
2992	2993	3276
2993	2990	3277
2990	2992	3278
2990	2993	3279
2991	2989	3280
2993	2991	3281
2993	2992	3282
2990	2989	3283
2993	2989	3284
2991	2993	3285
2991	2992	3286
2989	2992	3287
2990	2991	3288
2992	2991	3289
2989	2991	3290
2992	2989	3291
2989	2990	3292
2991	2990	3293
2994	2995	3294
2996	2997	3295
2998	3001	3296
3000	2999	3297
3001	2998	3298
3000	2998	3299
3001	2999	3300
2999	2998	3301
3001	3000	3302
2998	3000	3303
2999	3001	3304
2999	3000	3305
2998	2999	3306
3002	3003	3307
3005	3006	3308
3006	3005	3309
3004	3006	3310
3004	3005	3311
3006	3004	3312
3007	3008	3313
3009	3010	3314
3012	3013	3315
3011	3012	3316
3013	3012	3317
3011	3013	3318
3012	3011	3319
3014	3015	3320
3017	3016	3321
3018	3020	3322
3018	3019	3323
3020	3019	3324
3020	3022	3325
3018	3021	3326
3021	3020	3327
3021	3018	3328
3022	3021	3329
3019	3022	3330
3022	3018	3331
3020	3021	3332
3022	3020	3333
3020	3018	3334
3022	3019	3335
3019	3020	3336
3019	3021	3337
3018	3022	3338
3021	3022	3339
3021	3019	3340
3024	3023	3341
3028	3029	3342
3028	3027	3343
3028	3026	3344
3026	3028	3345
3026	3025	3346
3027	3028	3347
3027	3026	3348
3028	3025	3349
3029	3025	3350
3029	3027	3351
3027	3029	3352
3029	3026	3353
3025	3028	3354
3029	3028	3355
3025	3026	3356
3025	3029	3357
3027	3025	3358
3026	3029	3359
3032	3030	3360
3031	3030	3361
3032	3031	3362
3030	3032	3363
3030	3031	3364
3036	3033	3365
3036	3034	3366
3033	3035	3367
3036	3035	3368
3033	3034	3369
3034	3035	3370
3034	3036	3371
3033	3036	3372
3035	3034	3373
3035	3036	3374
3037	3038	3375
3042	3041	3376
3039	3042	3377
3039	3040	3378
3042	3039	3379
3041	3039	3380
3040	3039	3381
3040	3042	3382
3041	3042	3383
3040	3041	3384
3039	3041	3385
3041	3040	3386
3043	3044	3387
3046	3047	3388
3046	3045	3389
3045	3047	3390
3045	3046	3391
3047	3046	3392
3049	3050	3393
3049	3048	3394
3048	3050	3395
3050	3049	3396
3048	3049	3397
3052	3051	3398
3055	3054	3399
3057	3056	3400
3056	3055	3401
3054	3057	3402
3057	3054	3403
3054	3056	3404
3056	3057	3405
3055	3053	3406
3055	3056	3407
3056	3054	3408
3054	3055	3409
3053	3054	3410
3053	3057	3411
3057	3053	3412
3053	3056	3413
3053	3055	3414
3055	3057	3415
3057	3055	3416
3056	3053	3417
3060	3058	3418
3058	3060	3419
3060	3061	3420
3061	3059	3421
3058	3059	3422
3061	3060	3423
3058	3061	3424
3060	3059	3425
3059	3061	3426
3061	3058	3427
3059	3060	3428
3063	3062	3429
3065	3066	3430
3066	3064	3431
3064	3066	3432
3064	3067	3433
3066	3067	3434
3067	3066	3435
3064	3065	3436
3067	3065	3437
3066	3065	3438
3065	3067	3439
3068	3069	3440
3070	3071	3441
3072	3073	3442
3075	3076	3443
3076	3077	3444
3077	3075	3445
3074	3076	3446
3076	3074	3447
3075	3077	3448
3074	3077	3449
3076	3075	3450
3077	3076	3451
3075	3074	3452
3074	3075	3453
3078	3079	3454
3080	3079	3455
3078	3080	3456
3079	3080	3457
3081	3082	3458
3084	3083	3459
3085	3084	3460
3086	3084	3461
3083	3085	3462
3086	3083	3463
3084	3086	3464
3086	3085	3465
3083	3084	3466
3084	3085	3467
3083	3086	3468
3085	3086	3469
3087	3088	3470
3089	3090	3471
3094	3093	3472
3095	3093	3473
3093	3092	3474
3092	3093	3475
3092	3091	3476
3094	3091	3477
3094	3095	3478
3095	3092	3479
3092	3094	3480
3091	3092	3481
3092	3095	3482
3094	3092	3483
3093	3091	3484
3095	3091	3485
3091	3093	3486
3093	3094	3487
3091	3094	3488
3093	3095	3489
3091	3095	3490
3096	3097	3491
3098	3099	3492
3101	3100	3493
3104	3102	3494
3102	3104	3495
3104	3103	3496
3102	3103	3497
3103	3104	3498
3105	3106	3499
3107	3109	3500
3109	3110	3501
3110	3107	3502
3110	3108	3503
3107	3110	3504
3108	3109	3505
3108	3110	3506
3109	3108	3507
3110	3109	3508
3109	3107	3509
3107	3108	3510
3116	3115	3511
3115	3116	3512
3113	3115	3513
3116	3112	3514
3114	3111	3515
3116	3113	3516
3113	3114	3517
3112	3114	3518
3111	3112	3519
3112	3116	3520
3115	3111	3521
3111	3115	3522
3114	3113	3523
3116	3114	3524
3111	3114	3525
3112	3113	3526
3113	3111	3527
3115	3112	3528
3112	3115	3529
3115	3113	3530
3112	3111	3531
3111	3113	3532
3113	3112	3533
3113	3116	3534
3114	3112	3535
3115	3114	3536
3114	3115	3537
3119	3118	3538
3119	3121	3539
3117	3117	3540
3117	3119	3541
3121	3122	3542
3120	3119	3543
3118	3121	3544
3118	3120	3545
3122	3117	3546
3119	3122	3547
3122	3121	3548
3117	3121	3549
3122	3118	3550
3121	3119	3551
3122	3119	3552
3117	3122	3553
3118	3117	3554
3121	3117	3555
3118	3122	3556
3119	3120	3557
3121	3118	3558
3118	3119	3559
3119	3117	3560
3123	3124	3561
3129	3125	3562
3125	3128	3563
3125	3126	3564
3126	3128	3565
3127	3125	3566
3129	3127	3567
3126	3129	3568
3128	3126	3569
3125	3127	3570
3129	3126	3571
3128	3127	3572
3127	3126	3573
3129	3128	3574
3126	3127	3575
3126	3125	3576
3127	3128	3577
3128	3129	3578
3127	3129	3579
3125	3129	3580
3133	3130	3581
3132	3133	3582
3130	3132	3583
3131	3132	3584
3133	3132	3585
3131	3133	3586
3130	3131	3587
3130	3133	3588
3131	3130	3589
3132	3131	3590
3132	3130	3591
3134	3136	3592
3136	3134	3593
3135	3136	3594
3136	3135	3595
3135	3134	3596
3138	3139	3597
3139	3137	3598
3137	3138	3599
3138	3137	3600
3137	3139	3601
3141	3143	3602
3142	3143	3603
3140	3142	3604
3143	3141	3605
3143	3140	3606
3140	3141	3607
3142	3141	3608
3141	3142	3609
3141	3140	3610
3143	3142	3611
3142	3140	3612
3146	3145	3613
3144	3145	3614
3144	3146	3615
3145	3146	3616
3146	3144	3617
3147	3148	3618
3150	3151	3619
3152	3150	3620
3149	3151	3621
3152	3149	3622
3150	3152	3623
3152	3151	3624
3151	3150	3625
3149	3150	3626
3149	3152	3627
3151	3152	3628
3153	3154	3629
3155	3156	3630
3161	3159	3631
3161	3162	3632
3157	3160	3633
3162	3161	3634
3159	3160	3635
3161	3157	3636
3162	3160	3637
3159	3157	3638
3159	3162	3639
3158	3161	3640
3158	3159	3641
3159	3158	3642
3160	3159	3643
3162	3158	3644
3160	3161	3645
3159	3161	3646
3157	3161	3647
3158	3160	3648
3160	3158	3649
3161	3158	3650
3160	3162	3651
3158	3162	3652
3162	3159	3653
3160	3157	3654
3157	3158	3655
3157	3159	3656
3161	3160	3657
3164	3163	3658
3168	3170	3659
3167	3166	3660
3167	3170	3661
3169	3170	3662
3167	3169	3663
3169	3168	3664
3165	3166	3665
3169	3165	3666
3165	3169	3667
3170	3166	3668
3168	3169	3669
3165	3168	3670
3169	3167	3671
3168	3166	3672
3170	3167	3673
3165	3167	3674
3166	3167	3675
3166	3165	3676
3168	3167	3677
3167	3168	3678
3168	3165	3679
3170	3168	3680
3170	3169	3681
3166	3168	3682
3166	3170	3683
3166	3169	3684
3169	3166	3685
3172	3173	3686
3172	3171	3687
3171	3172	3688
3173	3172	3689
3171	3173	3690
3174	3176	3691
3176	3174	3692
3176	3175	3693
3175	3176	3694
3175	3174	3695
3182	3181	3696
3180	3182	3697
3180	3177	3698
3179	3181	3699
3177	3181	3700
3179	3182	3701
3177	3178	3702
3177	3179	3703
3178	3181	3704
3178	3180	3705
3181	3178	3706
3178	3179	3707
3179	3180	3708
3178	3177	3709
3181	3177	3710
3182	3180	3711
3181	3182	3712
3178	3182	3713
3181	3179	3714
3177	3180	3715
3180	3178	3716
3180	3181	3717
3179	3178	3718
3181	3180	3719
3182	3179	3720
3182	3178	3721
3179	3177	3722
3183	3184	3723
3189	3187	3724
3185	3186	3725
3185	3188	3726
3186	3185	3727
3188	3186	3728
3186	3189	3729
3186	3188	3730
3188	3185	3731
3188	3189	3732
3187	3188	3733
3189	3188	3734
3185	3187	3735
3187	3185	3736
3189	3185	3737
3188	3187	3738
3187	3189	3739
3189	3186	3740
3187	3186	3741
3185	3189	3742
3190	3192	3743
3191	3190	3744
3191	3192	3745
3192	3191	3746
3190	3191	3747
3194	3195	3748
3194	3193	3749
3193	3195	3750
3195	3193	3751
3193	3194	3752
3196	3197	3753
3200	3199	3754
3198	3199	3755
3199	3200	3756
3199	3198	3757
3198	3200	3758
3201	3202	3759
3203	3204	3760
3206	3205	3761
3209	3207	3762
3210	3208	3763
3208	3209	3764
3208	3210	3765
3209	3208	3766
3210	3207	3767
3210	3209	3768
3209	3210	3769
3207	3209	3770
3207	3208	3771
3207	3210	3772
3212	3211	3773
3214	3213	3774
3215	3214	3775
3214	3215	3776
3213	3215	3777
3213	3214	3778
3216	3217	3779
3217	3216	3780
3221	3218	3781
3221	3220	3782
3218	3219	3783
3221	3219	3784
3220	3219	3785
3218	3220	3786
3218	3221	3787
3220	3218	3788
3220	3221	3789
3219	3220	3790
3219	3221	3791
3222	3224	3792
3225	3223	3793
3222	3225	3794
3224	3225	3795
3223	3225	3796
3223	3224	3797
3225	3224	3798
3224	3223	3799
3225	3222	3800
3222	3223	3801
3224	3222	3802
3228	3227	3803
3229	3227	3804
3226	3230	3805
3229	3226	3806
3226	3228	3807
3230	3226	3808
3229	3230	3809
3227	3228	3810
3226	3229	3811
3230	3228	3812
3228	3229	3813
3227	3229	3814
3226	3227	3815
3227	3230	3816
3228	3226	3817
3230	3229	3818
3230	3227	3819
3229	3228	3820
3228	3230	3821
3231	3233	3822
3233	3232	3823
3233	3231	3824
3231	3232	3825
3232	3231	3826
3234	3235	3827
3236	3237	3828
3238	3239	3829
3240	3242	3830
3241	3240	3831
3241	3242	3832
3242	3241	3833
3240	3241	3834
3244	3247	3835
3246	3247	3836
3244	3248	3837
3244	3243	3838
3245	3244	3839
3246	3245	3840
3245	3246	3841
3246	3243	3842
3243	3244	3843
3244	3245	3844
3243	3247	3845
3243	3245	3846
3248	3247	3847
3245	3247	3848
3248	3246	3849
3245	3248	3850
3243	3246	3851
3247	3246	3852
3247	3245	3853
3244	3246	3854
3248	3245	3855
3246	3244	3856
3247	3244	3857
3248	3244	3858
3247	3243	3859
3246	3248	3860
3245	3243	3861
3250	3249	3862
3253	3252	3863
3252	3253	3864
3253	3251	3865
3251	3252	3866
3251	3253	3867
3255	3256	3868
3255	3254	3869
3254	3255	3870
3254	3256	3871
3256	3254	3872
3258	3260	3873
3258	3259	3874
3260	3258	3875
3260	3259	3876
3259	3260	3877
3259	3257	3878
3257	3258	3879
3260	3257	3880
3257	3259	3881
3258	3257	3882
3257	3260	3883
3262	3261	3884
3265	3264	3885
3265	3263	3886
3263	3266	3887
3264	3266	3888
3264	3265	3889
3263	3265	3890
3263	3264	3891
3264	3263	3892
3266	3265	3893
3265	3266	3894
3266	3264	3895
3267	3269	3896
3269	3268	3897
3268	3267	3898
3267	3268	3899
3268	3269	3900
3271	3274	3901
3270	3273	3902
3272	3274	3903
3270	3274	3904
3274	3273	3905
3273	3271	3906
3273	3274	3907
3272	3271	3908
3273	3272	3909
3271	3272	3910
3272	3273	3911
3270	3272	3912
3271	3273	3913
3270	3271	3914
3274	3271	3915
3274	3272	3916
3272	3270	3917
3273	3270	3918
3274	3270	3919
3275	3276	3920
3277	3278	3921
3279	3280	3922
3283	3281	3923
3281	3282	3924
3283	3282	3925
3281	3283	3926
3282	3283	3927
3284	3285	3928
3286	3285	3929
3284	3286	3930
3285	3286	3931
3287	3288	3932
3289	3290	3933
3292	3291	3934
3292	3293	3935
3291	3291	3936
3295	3294	3937
3296	3297	3938
3299	3298	3939
3300	3298	3940
3298	3300	3941
3298	3299	3942
3299	3300	3943
3302	3301	3944
3301	3303	3945
3302	3303	3946
3303	3302	3947
3301	3302	3948
3304	3305	3949
3308	3307	3950
3307	3306	3951
3306	3307	3952
3307	3308	3953
3306	3308	3954
3309	3310	3955
3311	3313	3956
3313	3312	3957
3311	3312	3958
3312	3311	3959
3312	3313	3960
3314	3315	3961
3317	3316	3962
3318	3319	3963
3323	3320	3964
3321	3320	3965
3321	3323	3966
3322	3320	3967
3323	3322	3968
3320	3323	3969
3320	3321	3970
3322	3321	3971
3323	3321	3972
3320	3322	3973
3321	3322	3974
3325	3326	3975
3325	3327	3976
3326	3327	3977
3324	3326	3978
3327	3324	3979
3326	3324	3980
3327	3326	3981
3327	3325	3982
3324	3327	3983
3325	3324	3984
3326	3325	3985
3328	3329	3986
3329	3328	3987
3329	3330	3988
3328	3330	3989
3330	3329	3990
3331	3332	3991
3333	3334	3992
3335	3336	3993
3340	3339	3994
3339	3338	3995
3337	3339	3996
3340	3338	3997
3339	3340	3998
3338	3340	3999
3337	3338	4000
3337	3340	4001
3338	3339	4002
3341	3342	4003
3347	3345	4004
3344	3348	4005
3346	3344	4006
3345	3346	4007
3346	3348	4008
3348	3345	4009
3345	3348	4010
3343	3345	4011
3344	3347	4012
3344	3343	4013
3346	3347	4014
3347	3344	4015
3343	3344	4016
3343	3346	4017
3345	3347	4018
3347	3346	4019
3348	3346	4020
3348	3347	4021
3348	3344	4022
3347	3348	4023
3346	3345	4024
3343	3347	4025
3345	3344	4026
3344	3345	4027
3344	3346	4028
3350	3349	4029
3354	3351	4030
3353	3351	4031
3353	3354	4032
3351	3353	4033
3352	3353	4034
3351	3352	4035
3351	3354	4036
3353	3352	4037
3354	3352	4038
3354	3353	4039
3352	3354	4040
3357	3358	4041
3357	3356	4042
3358	3360	4043
3355	3358	4044
3356	3357	4045
3358	3359	4046
3360	3358	4047
3359	3356	4048
3360	3359	4049
3357	3355	4050
3357	3359	4051
3355	3356	4052
3358	3356	4053
3358	3355	4054
3359	3357	4055
3356	3355	4056
3356	3359	4057
3358	3357	4058
3355	3357	4059
3359	3360	4060
3360	3356	4061
3357	3360	4062
3360	3357	4063
3355	3359	4064
3359	3358	4065
3356	3358	4066
3356	3360	4067
3363	3365	4068
3365	3361	4069
3361	3363	4070
3362	3365	4071
3362	3361	4072
3361	3365	4073
3363	3364	4074
3364	3363	4075
3362	3363	4076
3363	3361	4077
3364	3365	4078
3362	3364	4079
3365	3364	4080
3364	3361	4081
3365	3363	4082
3361	3362	4083
3361	3364	4084
3366	3367	4085
3368	3369	4086
3370	3371	4087
3372	3376	4088
3372	3374	4089
3374	3372	4090
3373	3374	4091
3374	3375	4092
3372	3373	4093
3375	3376	4094
3373	3375	4095
3374	3376	4096
3373	3376	4097
3376	3375	4098
3375	3373	4099
3376	3373	4100
3375	3374	4101
3374	3373	4102
3372	3375	4103
3373	3372	4104
3376	3374	4105
3378	3377	4106
3379	3380	4107
3382	3381	4108
3381	3382	4109
3385	3384	4110
3384	3385	4111
3383	3383	4112
3383	3385	4113
3384	3383	4114
3386	3385	4115
3384	3386	4116
3383	3384	4117
3386	3384	4118
3387	3388	4119
3389	3390	4120
3391	3392	4121
3394	3395	4122
3393	3394	4123
3394	3393	4124
3395	3394	4125
3395	3393	4126
3397	3396	4127
3399	3398	4128
3399	3400	4129
3398	3400	4130
3398	3399	4131
3400	3399	4132
3401	3403	4133
3402	3401	4134
3402	3403	4135
3401	3402	4136
3403	3402	4137
3405	3406	4138
3409	3408	4139
3407	3410	4140
3410	3411	4141
3410	3407	4142
3407	3409	4143
3408	3410	4144
3407	3408	4145
3408	3409	4146
3409	3407	4147
3411	3409	4148
3407	3411	4149
3409	3410	4150
3411	3408	4151
3410	3408	4152
3408	3411	4153
3411	3410	4154
3411	3407	4155
3410	3409	4156
3409	3411	4157
3412	3413	4158
3415	3416	4159
3415	3414	4160
3416	3414	4161
3414	3416	4162
3414	3415	4163
3418	3417	4164
3419	3421	4165
3420	3421	4166
3420	3419	4167
3421	3420	4168
3419	3420	4169
3425	3423	4170
3422	3423	4171
3422	3425	4172
3425	3424	4173
3422	3424	4174
3424	3422	4175
3423	3424	4176
3424	3425	4177
3423	3425	4178
3424	3423	4179
3423	3422	4180
3428	3427	4181
3427	3426	4182
3426	3428	4183
3426	3427	4184
3427	3428	4185
3429	3430	4186
3431	3430	4187
3429	3431	4188
3431	3429	4189
3430	3431	4190
3433	3434	4191
3436	3434	4192
3435	3436	4193
3435	3434	4194
3434	3435	4195
3434	3433	4196
3436	3435	4197
3432	3434	4198
3436	3432	4199
3432	3436	4200
3433	3435	4201
3435	3433	4202
3433	3436	4203
3435	3432	4204
3433	3432	4205
3436	3433	4206
3434	3432	4207
3434	3436	4208
3432	3435	4209
3437	3438	4210
3438	3437	4211
3439	3440	4212
3443	3441	4213
3441	3443	4214
3443	3442	4215
3442	3441	4216
3442	3443	4217
3448	3447	4218
3444	3447	4219
3448	3444	4220
3448	3445	4221
3444	3446	4222
3444	3445	4223
3446	3445	4224
3444	3448	4225
3447	3448	4226
3445	3448	4227
3447	3446	4228
3445	3446	4229
3445	3444	4230
3446	3448	4231
3446	3447	4232
3448	3446	4233
3447	3445	4234
3446	3444	4235
3445	3447	4236
3451	3452	4237
3452	3450	4238
3450	3451	4239
3450	3449	4240
3450	3452	4241
3451	3449	4242
3449	3451	4243
3452	3451	4244
3449	3452	4245
3452	3449	4246
3449	3450	4247
3453	3455	4248
3455	3453	4249
3455	3454	4250
3454	3455	4251
3453	3454	4252
3458	3459	4253
3459	3460	4254
3459	3457	4255
3457	3459	4256
3458	3457	4257
3460	3459	4258
3458	3458	4259
3459	3458	4260
3457	3458	4261
3456	3457	4262
3456	3459	4263
3456	3458	4264
3461	3462	4265
3463	3464	4266
3467	3466	4267
3466	3467	4268
3465	3466	4269
3466	3465	4270
3467	3465	4271
3469	3468	4272
3473	3471	4273
3473	3475	4274
3472	3473	4275
3473	3476	4276
3475	3472	4277
3473	3474	4278
3476	3473	4279
3470	3472	4280
3470	3473	4281
3470	3474	4282
3475	3474	4283
3474	3472	4284
3472	3475	4285
3474	3473	4286
3472	3474	4287
3471	3475	4288
3474	3471	4289
3475	3476	4290
3470	3471	4291
3472	3471	4292
3476	3472	4293
3474	3475	4294
3471	3474	4295
3475	3471	4296
3474	3476	4297
3472	3470	4298
3473	3472	4299
3471	3472	4300
3472	3476	4301
3476	3475	4302
3476	3474	4303
3474	3470	4304
3473	3470	4305
3471	3473	4306
3471	3470	4307
3475	3473	4308
3479	3480	4309
3477	3478	4310
3479	3478	4311
3480	3479	4312
3477	3480	4313
3480	3478	4314
3480	3477	4315
3478	3479	4316
3478	3480	4317
3478	3477	4318
3477	3479	4319
3482	3483	4320
3483	3482	4321
3481	3483	4322
3481	3482	4323
3482	3481	4324
3486	3485	4325
3485	3484	4326
3484	3486	4327
3486	3484	4328
3484	3485	4329
3489	3488	4330
3488	3489	4331
3489	3487	4332
3487	3488	4333
3487	3489	4334
3490	3491	4335
3495	3494	4336
3494	3493	4337
3492	3494	4338
3495	3493	4339
3494	3495	4340
3493	3495	4341
3494	3492	4342
3495	3492	4343
3492	3493	4344
3492	3495	4345
3493	3494	4346
3496	3497	4347
3501	3500	4348
3498	3501	4349
3499	3501	4350
3501	3499	4351
3500	3499	4352
3500	3498	4353
3501	3498	4354
3500	3501	4355
3498	3500	4356
3498	3499	4357
3499	3500	4358
3503	3502	4359
3505	3506	4360
3504	3505	4361
3504	3506	4362
3506	3505	4363
3506	3504	4364
3510	3509	4365
3510	3511	4366
3511	3508	4367
3508	3510	4368
3509	3511	4369
3509	3507	4370
3510	3507	4371
3508	3511	4372
3509	3508	4373
3508	3509	4374
3510	3508	4375
3507	3509	4376
3507	3508	4377
3507	3511	4378
3509	3510	4379
3507	3510	4380
3511	3510	4381
3511	3507	4382
3511	3509	4383
3513	3512	4384
3515	3516	4385
3516	3515	4386
3515	3514	4387
3517	3515	4388
3514	3515	4389
3514	3517	4390
3517	3516	4391
3516	3517	4392
3517	3514	4393
3515	3517	4394
3516	3514	4395
3518	3519	4396
3520	3521	4397
3524	3523	4398
3525	3523	4399
3524	3525	4400
3523	3524	4401
3522	3524	4402
3522	3525	4403
3525	3524	4404
3522	3523	4405
3524	3522	4406
3525	3522	4407
3523	3525	4408
3526	3527	4409
3528	3529	4410
3531	3532	4411
3534	3533	4412
3531	3533	4413
3530	3532	4414
3534	3531	4415
3533	3531	4416
3530	3533	4417
3535	3534	4418
3531	3535	4419
3533	3534	4420
3532	3530	4421
3533	3532	4422
3534	3532	4423
3533	3530	4424
3535	3531	4425
3533	3535	4426
3534	3535	4427
3532	3531	4428
3534	3530	4429
3531	3530	4430
3532	3534	4431
3531	3534	4432
3535	3532	4433
3530	3534	4434
3532	3533	4435
3535	3533	4436
3532	3535	4437
3536	3537	4438
3538	3539	4439
3540	3541	4440
3542	3543	4441
3544	3545	4442
3547	3546	4443
3549	3548	4444
3552	3553	4445
3553	3552	4446
3553	3551	4447
3551	3553	4448
3551	3552	4449
3550	3552	4450
3552	3551	4451
3552	3550	4452
3550	3551	4453
3550	3553	4454
3554	3555	4455
3556	3559	4456
3557	3560	4457
3560	3556	4458
3560	3557	4459
3557	3559	4460
3559	3557	4461
3556	3560	4462
3560	3558	4463
3559	3556	4464
3559	3560	4465
3558	3557	4466
3556	3558	4467
3557	3556	4468
3560	3559	4469
3558	3559	4470
3557	3558	4471
3558	3556	4472
3558	3560	4473
3556	3557	4474
3562	3562	4475
3561	3563	4476
3561	3562	4477
3563	3565	4478
3563	3561	4479
3561	3565	4480
3562	3563	4481
3562	3565	4482
3564	3563	4483
3565	3563	4484
3562	3561	4485
3565	3562	4486
3563	3562	4487
3563	3564	4488
3566	3568	4489
3568	3566	4490
3568	3567	4491
3567	3566	4492
3567	3568	4493
3571	3569	4494
3571	3570	4495
3570	3572	4496
3571	3572	4497
3569	3570	4498
3570	3571	4499
3570	3569	4500
3572	3571	4501
3569	3572	4502
3569	3571	4503
3572	3570	4504
3574	3576	4505
3576	3574	4506
3576	3575	4507
3576	3573	4508
3573	3576	4509
3575	3574	4510
3573	3574	4511
3574	3573	4512
3575	3576	4513
3573	3575	4514
3574	3575	4515
3579	3578	4516
3579	3577	4517
3578	3579	4518
3577	3578	4519
3577	3579	4520
3580	3581	4521
3583	3584	4522
3586	3583	4523
3585	3582	4524
3584	3585	4525
3584	3582	4526
3585	3584	4527
3583	3582	4528
3584	3586	4529
3582	3585	4530
3582	3584	4531
3584	3583	4532
3583	3586	4533
3582	3583	4534
3586	3584	4535
3582	3586	4536
3583	3585	4537
3585	3586	4538
3585	3583	4539
3586	3585	4540
3588	3590	4541
3591	3593	4542
3591	3588	4543
3588	3591	4544
3590	3587	4545
3588	3592	4546
3589	3587	4547
3590	3592	4548
3593	3592	4549
3589	3588	4550
3593	3590	4551
3591	3590	4552
3587	3588	4553
3589	3592	4554
3590	3593	4555
3587	3589	4556
3589	3593	4557
3591	3587	4558
3588	3589	4559
3592	3593	4560
3588	3587	4561
3592	3588	4562
3591	3589	4563
3592	3590	4564
3587	3590	4565
3592	3589	4566
3590	3588	4567
3589	3590	4568
3590	3591	4569
3593	3589	4570
3587	3591	4571
3591	3592	4572
3590	3589	4573
3589	3591	4574
3596	3597	4575
3594	3597	4576
3597	3595	4577
3597	3596	4578
3595	3594	4579
3596	3595	4580
3596	3594	4581
3594	3596	4582
3597	3594	4583
3595	3597	4584
3594	3595	4585
3599	3600	4586
3598	3599	4587
3600	3599	4588
3598	3600	4589
3600	3598	4590
3602	3601	4591
3601	3602	4592
3606	3607	4593
3605	3608	4594
3606	3605	4595
3608	3605	4596
3604	3608	4597
3607	3604	4598
3607	3606	4599
3605	3604	4600
3603	3606	4601
3605	3603	4602
3606	3608	4603
3608	3606	4604
3606	3603	4605
3604	3606	4606
3605	3606	4607
3607	3605	4608
3604	3607	4609
3603	3604	4610
3603	3607	4611
3604	3603	4612
3608	3607	4613
3608	3604	4614
3604	3605	4615
3607	3603	4616
3606	3604	4617
3607	3608	4618
3605	3607	4619
3609	3610	4620
3611	3613	4621
3611	3612	4622
3612	3613	4623
3613	3611	4624
3612	3611	4625
3613	3612	4626
3614	3615	4627
3617	3618	4628
3618	3616	4629
3617	3616	4630
3619	3618	4631
3619	3617	4632
3618	3617	4633
3618	3619	4634
3617	3619	4635
3616	3618	4636
3616	3617	4637
3616	3619	4638
3621	3620	4639
3625	3624	4640
3624	3623	4641
3623	3624	4642
3624	3622	4643
3622	3625	4644
3623	3622	4645
3624	3625	4646
3625	3623	4647
3623	3625	4648
3622	3623	4649
3622	3624	4650
3627	3628	4651
3627	3626	4652
3626	3628	4653
3628	3626	4654
3626	3627	4655
3630	3629	4656
3632	3633	4657
3633	3632	4658
3633	3631	4659
3631	3633	4660
3631	3632	4661
3634	3635	4662
3639	3638	4663
3637	3639	4664
3639	3636	4665
3638	3637	4666
3638	3639	4667
3636	3638	4668
3637	3638	4669
3636	3637	4670
3636	3639	4671
3639	3637	4672
3643	3644	4673
3644	3641	4674
3643	3641	4675
3642	3644	4676
3644	3642	4677
3642	3641	4678
3641	3644	4679
3643	3642	4680
3640	3643	4681
3641	3642	4682
3641	3643	4683
3640	3644	4684
3640	3641	4685
3640	3642	4686
3644	3643	4687
3642	3643	4688
3641	3640	4689
3645	3647	4690
3647	3646	4691
3645	3646	4692
3646	3645	4693
3646	3647	4694
3648	3649	4695
3649	3648	4696
3650	3649	4697
3648	3650	4698
3649	3650	4699
3656	3653	4700
3655	3652	4701
3651	3652	4702
3653	3654	4703
3656	3654	4704
3652	3654	4705
3652	3655	4706
3653	3652	4707
3655	3656	4708
3656	3652	4709
3653	3655	4710
3654	3656	4711
3655	3653	4712
3653	3651	4713
3654	3651	4714
3651	3655	4715
3651	3653	4716
3656	3655	4717
3654	3652	4718
3652	3653	4719
3651	3654	4720
3654	3655	4721
3652	3656	4722
3655	3651	4723
3655	3654	4724
3654	3653	4725
3653	3656	4726
3657	3658	4727
3660	3661	4728
3659	3661	4729
3661	3660	4730
3661	3659	4731
3659	3660	4732
3662	3663	4733
3664	3666	4734
3667	3665	4735
3666	3664	4736
3665	3666	4737
3664	3665	4738
3667	3666	4739
3665	3667	4740
3665	3664	4741
3666	3667	4742
3664	3667	4743
3666	3665	4744
3673	3672	4745
3673	3674	4746
3674	3670	4747
3669	3671	4748
3668	3670	4749
3671	3673	4750
3670	3672	4751
3669	3668	4752
3671	3670	4753
3670	3673	4754
3669	3673	4755
3675	3673	4756
3674	3672	4757
3673	3671	4758
3674	3675	4759
3672	3668	4760
3670	3674	4761
3668	3669	4762
3673	3669	4763
3668	3671	4764
3672	3673	4765
3675	3672	4766
3673	3675	4767
3672	3674	4768
3671	3672	4769
3671	3675	4770
3668	3672	4771
3669	3670	4772
3669	3672	4773
3671	3668	4774
3672	3671	4775
3670	3668	4776
3675	3671	4777
3674	3673	4778
3672	3670	4779
3671	3669	4780
3672	3669	4781
3673	3670	4782
3671	3674	4783
3670	3669	4784
3674	3671	4785
3670	3671	4786
3672	3675	4787
3678	3679	4788
3678	3677	4789
3677	3676	4790
3679	3677	4791
3676	3678	4792
3679	3678	4793
3677	3679	4794
3678	3676	4795
3679	3676	4796
3676	3677	4797
3676	3679	4798
3677	3678	4799
3680	3681	4800
3684	3683	4801
3682	3684	4802
3682	3685	4803
3684	3685	4804
3683	3682	4805
3682	3683	4806
3684	3682	4807
3683	3684	4808
3683	3685	4809
3685	3682	4810
3685	3683	4811
3686	3687	4812
3688	3691	4813
3688	3689	4814
3689	3691	4815
3689	3690	4816
3688	3690	4817
3691	3689	4818
3689	3688	4819
3691	3690	4820
3690	3689	4821
3690	3688	4822
3690	3691	4823
3692	3693	4824
3693	3692	4825
3697	3695	4826
3694	3696	4827
3695	3697	4828
3697	3696	4829
3696	3697	4830
3696	3695	4831
3695	3694	4832
3695	3696	4833
3694	3697	4834
3694	3695	4835
3701	3704	4836
3700	3703	4837
3699	3702	4838
3700	3699	4839
3698	3702	4840
3703	3701	4841
3698	3701	4842
3704	3701	4843
3701	3702	4844
3702	3703	4845
3703	3699	4846
3702	3699	4847
3698	3700	4848
3700	3701	4849
3702	3698	4850
3701	3700	4851
3700	3702	4852
3703	3704	4853
3703	3700	4854
3702	3700	4855
3704	3700	4856
3698	3699	4857
3699	3703	4858
3702	3701	4859
3700	3698	4860
3701	3699	4861
3701	3703	4862
3703	3702	4863
3700	3704	4864
3704	3702	4865
3704	3703	4866
3699	3700	4867
3699	3701	4868
3701	3698	4869
3702	3704	4870
3707	3706	4871
3706	3707	4872
3706	3705	4873
3705	3706	4874
3705	3707	4875
3709	3710	4876
3709	3712	4877
3709	3711	4878
3710	3711	4879
3712	3709	4880
3712	3708	4881
3710	3708	4882
3710	3712	4883
3711	3710	4884
3710	3709	4885
3708	3712	4886
3711	3708	4887
3709	3708	4888
3712	3710	4889
3708	3710	4890
3712	3711	4891
3708	3709	4892
3711	3709	4893
3708	3711	4894
3718	3714	4895
3714	3717	4896
3718	3717	4897
3717	3718	4898
3717	3715	4899
3717	3716	4900
3716	3713	4901
3713	3717	4902
3716	3715	4903
3715	3713	4904
3713	3714	4905
3715	3718	4906
3714	3718	4907
3716	3718	4908
3714	3713	4909
3714	3715	4910
3718	3716	4911
3718	3715	4912
3716	3714	4913
3713	3715	4914
3713	3716	4915
3717	3713	4916
3716	3717	4917
3714	3716	4918
3715	3716	4919
3715	3717	4920
3717	3714	4921
3719	3720	4922
3723	3722	4923
3724	3721	4924
3721	3723	4925
3722	3723	4926
3722	3724	4927
3723	3721	4928
3722	3721	4929
3721	3722	4930
3721	3724	4931
3723	3724	4932
3724	3723	4933
3725	3726	4934
3725	3727	4935
3727	3725	4936
3727	3726	4937
3726	3727	4938
3729	3728	4939
3729	3730	4940
3728	3729	4941
3728	3730	4942
3730	3728	4943
