0	0	1
1	1	1.0
2	1	1.0
3	1	1.0
4	1	1.0
5	1	1.0
6	1	1.0
7	2	1
8	1	1.0
9	3	1
10	1	1.0
11	1	1.0
12	4	1
13	1	1.0
14	1	1.0
15	1	1.0
16	1	1.0
17	5	1
18	1	1.0
19	1	1.0
20	1	1.0
21	5	1
22	1	1.0
23	1	1.0
24	1	1.0
25	6	1
26	1	1.0
27	4	1
28	1	1.0
29	1	1.0
30	1	1.0
31	3	1
32	1	1.0
33	1	1.0
34	1	1.0
35	7	1
36	1	1.0
37	1	1.0
38	1	1.0
39	5	1
40	1	1.0
41	1	1.0
42	4	1
43	1	1.0
44	8	1
45	1	1.0
46	6	1
47	1	1.0
48	1	1.0
49	1	1.0
50	1	1.0
51	1	1.0
52	5	1
53	1	1.0
54	4	1
55	1	1.0
56	1	1.0
57	1	1.0
58	1	1.0
59	1	1.0
60	1	1.0
61	1	1.0
62	1	1.0
63	5	1
64	1	1.0
65	1	1.0
66	3	1
67	1	1.0
68	1	1.0
69	1	1.0
70	9	1
71	1	1.0
72	1	1.0
73	1	1.0
74	1	1.0
75	4	1
76	1	1.0
77	1	1.0
78	3	1
79	1	1.0
80	10	1
81	1	1.0
82	1	1.0
83	10	1
84	1	1.0
85	1	1.0
86	1	1.0
87	11	1
88	1	1.0
89	1	1.0
90	1	1.0
91	5	1
92	1	1.0
93	10	1
94	1	1.0
95	6	1
96	1	1.0
97	1	1.0
98	1	1.0
99	1	1.0
100	1	1.0
101	4	1
102	1	1.0
103	1	1.0
104	1	1.0
105	8	1
106	0	1
107	1	1.0
108	1	1.0
109	1	1.0
110	1	1.0
111	1	1.0
112	0	1
113	1	1.0
114	3	1
115	1	1.0
116	1	1.0
117	1	1.0
118	1	1.0
119	1	1.0
120	1	1.0
121	1	1.0
122	12	1
123	12	1
124	1	1.0
125	5	1
126	1	1.0
127	1	1.0
128	1	1.0
129	12	1
130	1	1.0
131	1	1.0
132	12	1
133	1	1.0
134	1	1.0
135	4	1
136	1	1.0
137	1	1.0
138	1	1.0
139	1	1.0
140	1	1.0
141	1	1.0
142	6	1
143	1	1.0
144	1	1.0
145	1	1.0
146	4	1
147	1	1.0
148	1	1.0
149	0	1
150	1	1.0
151	1	1.0
152	1	1.0
153	1	1.0
154	1	1.0
155	13	1
156	1	1.0
157	13	1
158	1	1.0
159	13	1
160	13	1
161	1	1.0
162	1	1.0
163	3	1
164	1	1.0
165	1	1.0
166	1	1.0
167	1	1.0
168	13	1
169	1	1.0
170	14	1
171	1	1.0
172	1	1.0
173	1	1.0
174	14	1
175	1	1.0
176	1	1.0
177	8	1
178	1	1.0
179	1	1.0
180	6	1
181	1	1.0
182	1	1.0
183	1	1.0
184	0	1
185	1	1.0
186	1	1.0
187	6	1
188	1	1.0
189	1	1.0
190	1	1.0
191	12	1
192	1	1.0
193	1	1.0
194	5	1
195	1	1.0
196	1	1.0
197	15	1
198	16	1
199	16	1
200	1	1.0
201	1	1.0
202	1	1.0
203	1	1.0
204	1	1.0
205	1	1.0
206	1	1.0
207	12	1
208	16	1
209	1	1.0
210	16	1
211	1	1.0
212	1	1.0
213	1	1.0
214	1	1.0
215	1	1.0
216	1	1.0
217	11	1
218	1	1.0
219	1	1.0
220	1	1.0
221	1	1.0
222	1	1.0
223	5	1
224	1	1.0
225	1	1.0
226	1	1.0
227	1	1.0
228	1	1.0
229	8	1
230	17	1
231	1	1.0
232	1	1.0
233	3	1
234	1	1.0
235	1	1.0
236	13	1
237	1	1.0
238	1	1.0
239	1	1.0
240	6	1
241	1	1.0
242	1	1.0
243	1	1.0
244	14	1
245	1	1.0
246	1	1.0
247	1	1.0
248	2	1
249	0	1
250	1	1.0
251	1	1.0
252	1	1.0
253	1	1.0
254	1	1.0
255	1	1.0
256	18	1
257	18	1
258	1	1.0
259	1	1.0
260	1	1.0
261	3	1
262	1	1.0
263	1	1.0
264	1	1.0
265	7	1
266	1	1.0
267	1	1.0
268	1	1.0
269	1	1.0
270	13	1
271	13	1
272	1	1.0
273	13	1
274	1	1.0
275	1	1.0
276	13	1
277	1	1.0
278	1	1.0
279	1	1.0
280	19	1
281	1	1.0
282	20	1
282	21	1
283	1	1.0
284	21	1
285	19	1
285	22	1
286	20	1
286	21	1
287	1	1.0
288	0	1
289	1	1.0
290	1	1.0
291	1	1.0
292	0	1
293	1	1.0
294	1	1.0
295	1	1.0
296	1	1.0
297	1	1.0
298	7	1
299	16	1
300	23	1
301	1	1.0
302	1	1.0
303	24	1
304	1	1.0
305	16	1
306	1	1.0
307	1	1.0
308	13	1
309	1	1.0
310	1	1.0
311	24	1
312	1	1.0
313	1	1.0
314	1	1.0
315	1	1.0
316	1	1.0
317	1	1.0
318	1	1.0
319	1	1.0
320	24	1
321	1	1.0
322	1	1.0
323	1	1.0
324	16	1
325	1	1.0
326	1	1.0
327	1	1.0
328	1	1.0
329	1	1.0
330	16	1
331	1	1.0
332	1	1.0
333	1	1.0
334	1	1.0
335	1	1.0
336	1	1.0
337	1	1.0
338	1	1.0
339	1	1.0
340	1	1.0
341	1	1.0
342	1	1.0
343	1	1.0
344	1	1.0
345	1	1.0
346	1	1.0
347	1	1.0
348	2	1
349	1	1.0
350	1	1.0
351	1	1.0
352	1	1.0
353	8	1
354	1	1.0
355	17	1
356	1	1.0
357	1	1.0
358	1	1.0
359	1	1.0
360	1	1.0
361	11	1
362	1	1.0
363	1	1.0
364	1	1.0
365	1	1.0
366	3	1
367	1	1.0
368	1	1.0
369	1	1.0
370	1	1.0
371	1	1.0
372	4	1
373	1	1.0
374	1	1.0
375	1	1.0
376	1	1.0
377	1	1.0
378	1	1.0
379	1	1.0
380	1	1.0
381	1	1.0
382	12	1
383	1	1.0
384	1	1.0
385	25	1
386	1	1.0
387	25	1
388	1	1.0
389	10	1
390	1	1.0
391	1	1.0
392	1	1.0
393	14	1
394	1	1.0
395	1	1.0
396	1	1.0
397	7	1
398	1	1.0
399	1	1.0
400	1	1.0
401	8	1
402	1	1.0
403	5	1
404	1	1.0
405	1	1.0
406	1	1.0
407	1	1.0
408	14	1
409	1	1.0
410	1	1.0
411	1	1.0
412	1	1.0
413	1	1.0
414	1	1.0
415	6	1
416	1	1.0
417	1	1.0
418	1	1.0
419	1	1.0
420	26	1
421	27	1
422	1	1.0
423	1	1.0
424	1	1.0
425	1	1.0
426	0	1
427	1	1.0
428	1	1.0
429	6	1
430	1	1.0
431	1	1.0
432	1	1.0
433	7	1
434	1	1.0
435	1	1.0
436	1	1.0
437	1	1.0
438	6	1
439	1	1.0
440	1	1.0
441	1	1.0
442	4	1
443	1	1.0
444	1	1.0
445	1	1.0
446	1	1.0
447	1	1.0
448	1	1.0
449	1	1.0
450	28	1
451	1	1.0
452	1	1.0
453	1	1.0
454	1	1.0
455	1	1.0
456	1	1.0
457	1	1.0
458	1	1.0
459	13	1
460	1	1.0
461	1	1.0
462	1	1.0
463	1	1.0
464	1	1.0
465	1	1.0
466	1	1.0
467	1	1.0
468	1	1.0
469	1	1.0
470	12	1
471	1	1.0
472	1	1.0
473	1	1.0
474	1	1.0
475	1	1.0
476	1	1.0
477	1	1.0
478	1	1.0
479	1	1.0
480	1	1.0
481	1	1.0
482	1	1.0
483	13	1
484	1	1.0
485	1	1.0
486	29	1
487	1	1.0
488	1	1.0
489	1	1.0
490	4	1
491	1	1.0
492	13	1
493	1	1.0
494	1	1.0
495	13	1
495	30	1
496	1	1.0
497	3	1
498	1	1.0
499	1	1.0
500	1	1.0
501	1	1.0
502	1	1.0
503	2	1
504	1	1.0
505	1	1.0
506	3	1
507	1	1.0
508	1	1.0
509	1	1.0
510	3	1
511	1	1.0
512	1	1.0
513	1	1.0
514	1	1.0
515	4	1
516	12	1
517	1	1.0
518	1	1.0
519	1	1.0
520	1	1.0
521	1	1.0
522	31	1
523	12	1
524	0	1
525	1	1.0
526	1	1.0
527	1	1.0
528	28	1
529	1	1.0
530	1	1.0
531	11	1
532	1	1.0
533	1	1.0
534	1	1.0
535	1	1.0
536	6	1
537	1	1.0
538	1	1.0
539	1	1.0
540	1	1.0
541	4	1
542	5	1
543	1	1.0
544	1	1.0
545	1	1.0
546	1	1.0
547	6	1
548	1	1.0
549	1	1.0
550	1	1.0
551	32	1
552	1	1.0
553	1	1.0
554	1	1.0
555	4	1
556	1	1.0
557	33	1
558	34	1
559	1	1.0
560	1	1.0
561	1	1.0
562	1	1.0
563	12	1
564	2	1
565	1	1.0
566	1	1.0
567	1	1.0
568	1	1.0
569	1	1.0
570	1	1.0
571	1	1.0
572	1	1.0
573	14	1
574	1	1.0
575	1	1.0
576	1	1.0
577	14	1
578	0	1
579	1	1.0
580	1	1.0
581	1	1.0
582	1	1.0
583	1	1.0
584	1	1.0
585	1	1.0
586	1	1.0
587	1	1.0
588	35	1
589	36	1
590	35	1
591	35	1
592	35	1
592	13	1
593	1	1.0
594	1	1.0
595	1	1.0
596	1	1.0
597	1	1.0
598	1	1.0
599	1	1.0
600	1	1.0
601	1	1.0
602	1	1.0
603	1	1.0
604	1	1.0
605	1	1.0
606	35	1
607	1	1.0
608	1	1.0
609	1	1.0
610	1	1.0
611	1	1.0
612	1	1.0
613	1	1.0
614	1	1.0
615	35	1
616	35	1
617	1	1.0
618	1	1.0
619	1	1.0
620	35	1
621	1	1.0
622	1	1.0
623	1	1.0
624	1	1.0
625	36	1
626	1	1.0
627	1	1.0
628	1	1.0
629	8	1
630	1	1.0
631	1	1.0
632	1	1.0
633	6	1
634	13	1
635	1	1.0
636	13	1
637	1	1.0
638	1	1.0
639	1	1.0
640	16	1
640	37	1
641	37	1
642	16	1
643	1	1.0
644	1	1.0
645	1	1.0
646	1	1.0
647	1	1.0
648	1	1.0
649	4	1
650	1	1.0
651	4	1
652	1	1.0
653	1	1.0
654	1	1.0
655	1	1.0
656	1	1.0
657	38	1
658	1	1.0
659	1	1.0
660	1	1.0
661	6	1
662	1	1.0
663	3	1
664	1	1.0
665	1	1.0
666	1	1.0
667	13	1
667	39	1
668	27	1
669	1	1.0
670	1	1.0
671	12	1
672	1	1.0
673	1	1.0
674	1	1.0
675	7	1
676	1	1.0
677	1	1.0
678	1	1.0
679	2	1
680	1	1.0
681	1	1.0
682	1	1.0
683	1	1.0
684	5	1
685	1	1.0
686	1	1.0
687	1	1.0
688	1	1.0
689	14	1
690	1	1.0
691	1	1.0
692	1	1.0
693	1	1.0
694	1	1.0
695	1	1.0
696	1	1.0
697	1	1.0
698	1	1.0
699	38	1
700	13	1
701	1	1.0
702	1	1.0
703	4	1
704	1	1.0
705	1	1.0
706	40	1
707	1	1.0
708	1	1.0
709	40	1
710	1	1.0
711	1	1.0
712	3	1
713	1	1.0
714	1	1.0
715	1	1.0
716	8	1
717	1	1.0
718	1	1.0
719	1	1.0
720	2	1
721	1	1.0
722	1	1.0
723	1	1.0
724	1	1.0
725	7	1
726	1	1.0
727	1	1.0
728	1	1.0
729	5	1
730	1	1.0
731	1	1.0
732	1	1.0
733	3	1
734	1	1.0
735	13	1
736	1	1.0
737	41	1
738	1	1.0
739	1	1.0
740	1	1.0
741	1	1.0
742	41	1
743	1	1.0
744	1	1.0
745	1	1.0
746	41	1
747	1	1.0
748	1	1.0
749	1	1.0
750	1	1.0
751	41	1
752	1	1.0
753	1	1.0
754	41	1
755	41	1
756	1	1.0
757	1	1.0
758	1	1.0
759	4	1
760	1	1.0
761	1	1.0
762	1	1.0
763	1	1.0
764	1	1.0
765	11	1
766	1	1.0
767	1	1.0
768	1	1.0
769	4	1
770	1	1.0
771	1	1.0
772	2	1
773	1	1.0
774	1	1.0
775	11	1
776	1	1.0
777	1	1.0
778	1	1.0
779	1	1.0
780	1	1.0
781	1	1.0
782	1	1.0
783	14	1
784	1	1.0
785	1	1.0
786	13	1
787	1	1.0
788	4	1
789	1	1.0
790	1	1.0
791	1	1.0
792	42	1
793	43	1
794	1	1.0
795	3	1
796	1	1.0
797	1	1.0
798	1	1.0
799	11	1
800	1	1.0
801	1	1.0
802	1	1.0
803	1	1.0
804	1	1.0
805	1	1.0
806	1	1.0
807	1	1.0
808	1	1.0
809	11	1
810	1	1.0
811	1	1.0
812	2	1
813	1	1.0
814	13	1
815	1	1.0
816	1	1.0
817	10	1
818	1	1.0
819	1	1.0
820	13	1
821	10	1
822	1	1.0
823	1	1.0
824	10	1
825	1	1.0
826	12	1
827	1	1.0
828	17	1
829	1	1.0
830	1	1.0
831	1	1.0
832	1	1.0
833	1	1.0
834	1	1.0
835	1	1.0
836	1	1.0
837	1	1.0
838	1	1.0
839	5	1
840	1	1.0
841	1	1.0
842	1	1.0
843	1	1.0
844	1	1.0
845	2	1
846	1	1.0
847	1	1.0
848	1	1.0
849	1	1.0
850	1	1.0
851	1	1.0
852	12	1
853	1	1.0
854	12	1
855	12	1
856	1	1.0
857	1	1.0
858	1	1.0
859	1	1.0
860	1	1.0
861	1	1.0
862	2	1
863	1	1.0
864	1	1.0
865	1	1.0
866	1	1.0
867	4	1
868	1	1.0
869	16	1
870	1	1.0
871	1	1.0
872	1	1.0
873	1	1.0
874	11	1
875	1	1.0
876	1	1.0
877	1	1.0
878	1	1.0
879	1	1.0
880	0	1
881	1	1.0
882	1	1.0
883	4	1
884	1	1.0
885	1	1.0
886	1	1.0
887	8	1
888	1	1.0
889	1	1.0
890	13	1
891	1	1.0
892	1	1.0
893	3	1
894	1	1.0
895	33	1
895	26	1
896	1	1.0
897	1	1.0
898	33	1
899	33	1
900	33	1
901	1	1.0
902	1	1.0
903	1	1.0
904	1	1.0
905	1	1.0
906	5	1
907	1	1.0
908	1	1.0
909	1	1.0
910	6	1
911	1	1.0
912	1	1.0
913	1	1.0
914	2	1
915	1	1.0
916	2	1
917	1	1.0
918	14	1
919	1	1.0
920	1	1.0
921	1	1.0
922	1	1.0
923	13	1
924	13	1
925	1	1.0
926	1	1.0
927	1	1.0
928	1	1.0
929	5	1
930	1	1.0
931	28	1
932	1	1.0
933	1	1.0
934	1	1.0
935	1	1.0
936	14	1
937	1	1.0
938	1	1.0
939	3	1
940	1	1.0
941	1	1.0
942	1	1.0
943	1	1.0
944	2	1
945	1	1.0
946	1	1.0
947	1	1.0
948	7	1
949	1	1.0
950	1	1.0
951	1	1.0
952	0	1
953	1	1.0
954	39	1
955	16	1
956	16	1
957	39	1
958	1	1.0
959	1	1.0
960	39	1
961	1	1.0
962	1	1.0
963	1	1.0
964	1	1.0
965	1	1.0
966	1	1.0
967	16	1
968	1	1.0
969	16	1
970	1	1.0
971	1	1.0
972	1	1.0
973	11	1
974	1	1.0
975	1	1.0
976	1	1.0
977	2	1
978	14	1
979	1	1.0
980	13	1
981	1	1.0
982	1	1.0
983	1	1.0
984	1	1.0
985	1	1.0
986	36	1
987	36	1
988	6	1
989	1	1.0
990	1	1.0
991	1	1.0
992	1	1.0
993	2	1
994	1	1.0
995	1	1.0
996	33	1
997	1	1.0
998	1	1.0
999	1	1.0
1000	1	1.0
1001	28	1
1002	0	1
1003	1	1.0
1004	1	1.0
1005	1	1.0
1006	26	1
1007	26	1
1008	1	1.0
1009	1	1.0
1010	26	1
1011	1	1.0
1012	1	1.0
1013	1	1.0
1014	1	1.0
1015	1	1.0
1016	1	1.0
1017	1	1.0
1018	26	1
1019	1	1.0
1020	1	1.0
1021	1	1.0
1022	1	1.0
1023	5	1
1024	1	1.0
1025	1	1.0
1026	1	1.0
1027	7	1
1028	1	1.0
1029	44	1
1030	9	1
1031	1	1.0
1032	1	1.0
1033	44	1
1034	1	1.0
1035	1	1.0
1036	1	1.0
1037	1	1.0
1038	1	1.0
1039	1	1.0
1040	1	1.0
1041	1	1.0
1042	1	1.0
1043	6	1
1044	1	1.0
1045	14	1
1046	1	1.0
1047	1	1.0
1048	1	1.0
1049	45	1
1050	1	1.0
1051	1	1.0
1052	1	1.0
1053	1	1.0
1054	2	1
1055	1	1.0
1056	1	1.0
1057	1	1.0
1058	8	1
1059	7	1
1060	1	1.0
1061	1	1.0
1062	1	1.0
1063	0	1
1064	1	1.0
1065	1	1.0
1066	1	1.0
1067	1	1.0
1068	1	1.0
1069	13	1
1070	1	1.0
1071	1	1.0
1072	3	1
1073	1	1.0
1074	1	1.0
1075	1	1.0
1076	3	1
1077	1	1.0
1078	1	1.0
1079	8	1
1080	1	1.0
1081	1	1.0
1082	35	1
1083	1	1.0
1084	1	1.0
1085	0	1
1086	1	1.0
1087	1	1.0
1088	1	1.0
1089	1	1.0
1090	2	1
1091	12	1
1092	1	1.0
1093	1	1.0
1094	46	1
1095	1	1.0
1096	1	1.0
1097	1	1.0
1098	8	1
1099	1	1.0
1100	1	1.0
1101	3	1
1102	1	1.0
1103	1	1.0
1104	1	1.0
1105	1	1.0
1106	1	1.0
1107	1	1.0
1108	7	1
1109	1	1.0
1110	1	1.0
1111	0	1
1112	1	1.0
1113	2	1
1114	1	1.0
1115	1	1.0
1116	1	1.0
1117	14	1
1118	1	1.0
1119	1	1.0
1120	1	1.0
1121	1	1.0
1122	1	1.0
1123	44	1
1123	47	1
1124	1	1.0
1125	1	1.0
1126	47	1
1127	1	1.0
1128	1	1.0
1129	1	1.0
1130	13	1
1131	1	1.0
1132	1	1.0
1133	13	1
1134	1	1.0
1135	1	1.0
1136	1	1.0
1137	1	1.0
1138	1	1.0
1139	48	1
1140	13	1
1141	1	1.0
1142	1	1.0
1143	4	1
1144	8	1
1145	1	1.0
1146	1	1.0
1147	1	1.0
1148	3	1
1149	1	1.0
1150	1	1.0
1151	1	1.0
1152	4	1
1153	1	1.0
1154	1	1.0
1155	1	1.0
1156	1	1.0
1157	1	1.0
1158	1	1.0
1159	1	1.0
1160	4	1
1161	1	1.0
1162	1	1.0
1163	1	1.0
1164	1	1.0
1165	6	1
1166	1	1.0
1167	12	1
1168	49	1
1169	1	1.0
1170	1	1.0
1171	2	1
1172	1	1.0
1173	1	1.0
1174	1	1.0
1175	1	1.0
1176	4	1
1177	1	1.0
1178	1	1.0
1179	21	1
1180	21	1
1181	0	1
1182	1	1.0
1183	1	1.0
1184	1	1.0
1185	1	1.0
1186	4	1
1187	1	1.0
1188	1	1.0
1189	1	1.0
1190	1	1.0
1191	1	1.0
1192	1	1.0
1193	50	1
1194	1	1.0
1195	14	1
1196	1	1.0
1197	1	1.0
1198	1	1.0
1199	6	1
1200	1	1.0
1201	1	1.0
1202	1	1.0
1203	21	1
1204	8	1
1205	1	1.0
1206	1	1.0
1207	1	1.0
1208	1	1.0
1209	1	1.0
1210	1	1.0
1211	6	1
1212	1	1.0
1213	13	1
1214	11	1
1215	1	1.0
1216	1	1.0
1217	1	1.0
1218	1	1.0
1219	7	1
1220	1	1.0
1221	1	1.0
1222	1	1.0
1223	1	1.0
1224	1	1.0
1225	5	1
1226	1	1.0
1227	12	1
1228	1	1.0
1229	5	1
1230	1	1.0
1231	51	1
1232	1	1.0
1233	1	1.0
1234	52	1
1235	7	1
1236	1	1.0
1237	1	1.0
1238	1	1.0
1239	1	1.0
1240	1	1.0
1241	8	1
1242	1	1.0
1243	3	1
1244	1	1.0
1245	1	1.0
1246	1	1.0
1247	1	1.0
1248	1	1.0
1249	14	1
1250	14	1
1251	1	1.0
1252	1	1.0
1253	1	1.0
1254	1	1.0
1255	1	1.0
1256	14	1
1257	1	1.0
1258	1	1.0
1259	44	1
1259	53	1
1260	1	1.0
1261	54	1
1262	1	1.0
1263	3	1
1264	1	1.0
1265	1	1.0
1266	1	1.0
1267	1	1.0
1268	1	1.0
1269	8	1
1270	10	1
1271	1	1.0
1272	2	1
1273	1	1.0
1274	1	1.0
1275	1	1.0
1276	1	1.0
1277	8	1
1278	1	1.0
1279	4	1
1280	1	1.0
1281	1	1.0
1282	1	1.0
1283	1	1.0
1284	1	1.0
1285	38	1
1286	1	1.0
1287	55	1
1288	13	1
1289	4	1
1290	1	1.0
1291	1	1.0
1292	1	1.0
1293	5	1
1294	1	1.0
1295	1	1.0
1296	11	1
1297	1	1.0
1298	1	1.0
1299	1	1.0
1300	47	1
1301	26	1
1302	26	1
1303	1	1.0
1304	1	1.0
1305	1	1.0
1306	1	1.0
1307	1	1.0
1308	8	1
1309	1	1.0
1310	1	1.0
1311	1	1.0
1312	11	1
1313	11	1
1314	1	1.0
1315	1	1.0
1316	1	1.0
1317	1	1.0
1318	1	1.0
1319	13	1
1320	1	1.0
1321	12	1
1322	1	1.0
1323	1	1.0
1324	1	1.0
1325	4	1
1326	12	1
1327	12	1
1328	1	1.0
1329	12	1
1330	1	1.0
1331	1	1.0
1332	12	1
1333	12	1
1334	12	1
1335	1	1.0
1336	1	1.0
1337	1	1.0
1338	14	1
1339	1	1.0
1340	56	1
1341	56	1
1342	16	1
1343	1	1.0
1344	1	1.0
1345	1	1.0
1346	1	1.0
1347	8	1
1348	1	1.0
1349	7	1
1350	1	1.0
1351	11	1
1352	1	1.0
1353	1	1.0
1354	1	1.0
1355	0	1
1356	13	1
1357	1	1.0
1358	1	1.0
1359	2	1
1360	1	1.0
1361	1	1.0
1362	1	1.0
1363	0	1
1364	30	1
1365	13	1
1366	1	1.0
1367	1	1.0
1368	1	1.0
1369	0	1
1370	11	1
1371	1	1.0
1372	1	1.0
1373	1	1.0
1374	8	1
1375	1	1.0
1376	1	1.0
1377	1	1.0
1378	6	1
1379	1	1.0
1380	16	1
1381	1	1.0
1382	16	1
1383	1	1.0
1384	1	1.0
1385	8	1
1386	1	1.0
1387	1	1.0
1388	2	1
1389	1	1.0
1390	1	1.0
1391	1	1.0
1392	5	1
1393	1	1.0
1394	1	1.0
1395	1	1.0
1396	12	1
1397	27	1
1398	27	1
1399	1	1.0
1400	1	1.0
1401	1	1.0
1402	57	1
1403	1	1.0
1404	1	1.0
1405	1	1.0
1406	1	1.0
1407	1	1.0
1408	1	1.0
1409	57	1
1410	1	1.0
1411	57	1
1412	1	1.0
1413	1	1.0
1414	1	1.0
1415	4	1
1416	1	1.0
1417	1	1.0
1418	1	1.0
1419	1	1.0
1420	1	1.0
1421	1	1.0
1422	1	1.0
1423	5	1
1424	1	1.0
1425	58	1
1426	1	1.0
1427	2	1
1428	1	1.0
1429	1	1.0
1430	2	1
1431	1	1.0
1432	1	1.0
1433	59	1
1433	13	1
1434	59	1
1435	59	1
1436	10	1
1437	1	1.0
1438	4	1
1439	1	1.0
1440	1	1.0
1441	1	1.0
1442	1	1.0
1443	8	1
1444	1	1.0
1445	1	1.0
1446	1	1.0
1447	1	1.0
1448	1	1.0
1449	3	1
1450	5	1
1451	1	1.0
1452	1	1.0
1453	1	1.0
1454	8	1
1455	1	1.0
1456	22	1
1457	1	1.0
1458	13	1
1459	1	1.0
1460	1	1.0
1461	1	1.0
1462	2	1
1463	1	1.0
1464	1	1.0
1465	1	1.0
1466	1	1.0
1467	1	1.0
1468	5	1
1469	1	1.0
1470	60	1
1471	1	1.0
1472	1	1.0
1473	1	1.0
1474	1	1.0
1475	1	1.0
1476	61	1
1477	1	1.0
1478	1	1.0
1479	16	1
1480	1	1.0
1481	2	1
1482	1	1.0
1483	1	1.0
1484	1	1.0
1485	1	1.0
1486	1	1.0
1487	11	1
1488	1	1.0
1489	16	1
1490	5	1
1491	1	1.0
1492	1	1.0
1493	1	1.0
1494	1	1.0
1495	0	1
1496	1	1.0
1497	1	1.0
1498	1	1.0
1499	15	1
1500	1	1.0
1501	1	1.0
1502	13	1
1503	1	1.0
1504	1	1.0
1505	1	1.0
1506	7	1
1507	1	1.0
1508	1	1.0
1509	1	1.0
1510	2	1
1511	1	1.0
1512	7	1
1513	1	1.0
1514	1	1.0
1515	1	1.0
1516	21	1
1517	1	1.0
1518	8	1
1519	1	1.0
1520	1	1.0
1521	11	1
1522	1	1.0
1523	1	1.0
1524	1	1.0
1525	1	1.0
1526	1	1.0
1527	3	1
1528	1	1.0
1529	1	1.0
1530	1	1.0
1531	1	1.0
1532	1	1.0
1533	62	1
1534	1	1.0
1535	62	1
1536	1	1.0
1537	3	1
1538	1	1.0
1539	1	1.0
1540	1	1.0
1541	6	1
1542	1	1.0
1543	38	1
1544	1	1.0
1545	1	1.0
1546	1	1.0
1547	5	1
1548	3	1
1549	1	1.0
1550	1	1.0
1551	1	1.0
1552	1	1.0
1553	1	1.0
1554	1	1.0
1555	1	1.0
1556	1	1.0
1557	8	1
1558	1	1.0
1559	63	1
1560	1	1.0
1561	10	1
1562	1	1.0
1563	1	1.0
1564	1	1.0
1565	1	1.0
1566	1	1.0
1567	1	1.0
1568	1	1.0
1569	12	1
1570	13	1
1571	1	1.0
1572	1	1.0
1573	3	1
1574	1	1.0
1575	6	1
1576	1	1.0
1577	1	1.0
1578	26	1
1579	7	1
1580	1	1.0
1581	1	1.0
1582	11	1
1583	1	1.0
1584	1	1.0
1585	1	1.0
1586	1	1.0
1587	2	1
1588	1	1.0
1589	4	1
1590	1	1.0
1591	1	1.0
1592	1	1.0
1593	1	1.0
1594	1	1.0
1595	1	1.0
1596	1	1.0
1597	1	1.0
1598	1	1.0
1599	1	1.0
1600	18	1
1601	1	1.0
1602	13	1
1603	1	1.0
1604	1	1.0
1605	1	1.0
1606	1	1.0
1607	1	1.0
1608	1	1.0
1609	1	1.0
1610	1	1.0
1611	1	1.0
1612	18	1
1613	1	1.0
1614	1	1.0
1615	1	1.0
1616	13	1
1617	1	1.0
1618	1	1.0
1619	1	1.0
1620	20	1
1620	13	1
1621	3	1
1622	1	1.0
1623	1	1.0
1624	1	1.0
1625	1	1.0
1626	1	1.0
1627	1	1.0
1628	2	1
1629	1	1.0
1630	12	1
1631	1	1.0
1632	47	1
1633	1	1.0
1634	1	1.0
1635	1	1.0
1636	1	1.0
1637	1	1.0
1638	1	1.0
1639	1	1.0
1640	1	1.0
1641	1	1.0
1642	1	1.0
1643	1	1.0
1644	1	1.0
1645	1	1.0
1646	1	1.0
1647	12	1
1648	1	1.0
1649	1	1.0
1650	1	1.0
1651	1	1.0
1652	7	1
1653	1	1.0
1654	1	1.0
1655	11	1
1656	1	1.0
1657	1	1.0
1658	1	1.0
1659	1	1.0
1660	11	1
1661	1	1.0
1662	4	1
1663	1	1.0
1664	1	1.0
1665	1	1.0
1666	35	1
1667	1	1.0
1668	1	1.0
1669	1	1.0
1670	1	1.0
1671	1	1.0
1672	1	1.0
1673	1	1.0
1674	35	1
1675	35	1
1676	35	1
1677	1	1.0
1678	35	1
1679	16	1
1680	21	1
1681	1	1.0
1682	1	1.0
1683	1	1.0
1684	5	1
1685	1	1.0
1686	1	1.0
1687	1	1.0
1688	1	1.0
1689	11	1
1690	1	1.0
1691	12	1
1692	1	1.0
1693	1	1.0
1694	64	1
1695	1	1.0
1696	1	1.0
1697	11	1
1698	1	1.0
1699	1	1.0
1700	1	1.0
1701	3	1
1702	1	1.0
1703	1	1.0
1704	1	1.0
1705	1	1.0
1706	38	1
1707	1	1.0
1708	1	1.0
1709	1	1.0
1710	0	1
1711	1	1.0
1712	2	1
1713	1	1.0
1714	1	1.0
1715	1	1.0
1716	12	1
1717	1	1.0
1718	1	1.0
1719	1	1.0
1720	5	1
1721	1	1.0
1722	7	1
1723	1	1.0
1724	1	1.0
1725	1	1.0
1726	1	1.0
1727	1	1.0
1728	3	1
1729	1	1.0
1730	1	1.0
1731	1	1.0
1732	2	1
1733	1	1.0
1734	44	1
1735	1	1.0
1736	1	1.0
1737	1	1.0
1738	1	1.0
1739	6	1
1740	1	1.0
1741	1	1.0
1742	1	1.0
1743	1	1.0
1744	1	1.0
1745	12	1
1746	1	1.0
1747	1	1.0
1748	49	1
1749	1	1.0
1750	1	1.0
1751	1	1.0
1752	1	1.0
1753	1	1.0
1754	1	1.0
1755	13	1
1756	13	1
1757	1	1.0
1758	13	1
1759	1	1.0
1760	13	1
1761	1	1.0
1762	13	1
1763	1	1.0
1764	1	1.0
1765	1	1.0
1766	1	1.0
1767	1	1.0
1768	5	1
1769	1	1.0
1770	1	1.0
1771	1	1.0
1772	1	1.0
1773	7	1
1774	1	1.0
1775	1	1.0
1776	1	1.0
1777	1	1.0
1778	0	1
1779	1	1.0
1780	1	1.0
1781	1	1.0
1782	11	1
1783	3	1
1784	1	1.0
1785	1	1.0
1786	1	1.0
1787	1	1.0
1788	13	1
1789	1	1.0
1790	1	1.0
1791	6	1
1792	1	1.0
1793	12	1
1794	1	1.0
1795	1	1.0
1796	1	1.0
1797	44	1
1798	6	1
1799	1	1.0
1800	1	1.0
1801	1	1.0
1802	1	1.0
1803	7	1
1804	1	1.0
1805	0	1
1806	1	1.0
1807	1	1.0
1808	7	1
1809	1	1.0
1810	1	1.0
1811	1	1.0
1812	1	1.0
1813	1	1.0
1814	1	1.0
1815	1	1.0
1816	8	1
1817	9	1
1818	1	1.0
1819	1	1.0
1820	1	1.0
1821	1	1.0
1822	32	1
1823	1	1.0
1824	1	1.0
1825	1	1.0
1826	1	1.0
1827	1	1.0
1828	32	1
1829	65	1
1830	1	1.0
1831	2	1
1832	1	1.0
1833	1	1.0
1834	1	1.0
1835	1	1.0
1836	8	1
1837	1	1.0
1838	42	1
1839	1	1.0
1840	1	1.0
1841	1	1.0
1842	32	1
1843	1	1.0
1844	1	1.0
1845	1	1.0
1846	32	1
1847	1	1.0
1848	1	1.0
1849	1	1.0
1850	1	1.0
1851	1	1.0
1852	1	1.0
1853	1	1.0
1854	1	1.0
1855	11	1
1856	1	1.0
1857	1	1.0
1858	2	1
1859	1	1.0
1860	1	1.0
1861	1	1.0
1862	1	1.0
1863	2	1
1864	1	1.0
1865	14	1
1866	1	1.0
1867	1	1.0
1868	66	1
1869	1	1.0
1870	13	1
1871	1	1.0
1872	1	1.0
1873	1	1.0
1874	0	1
1875	6	1
1876	1	1.0
1877	7	1
1878	1	1.0
1879	1	1.0
1880	1	1.0
1881	1	1.0
1882	1	1.0
1883	1	1.0
1884	1	1.0
1885	1	1.0
1886	41	1
1887	41	1
1887	46	1
1888	1	1.0
1889	1	1.0
1890	1	1.0
1891	1	1.0
1892	9	1
1893	25	1
1894	1	1.0
1895	9	1
1896	0	1
1897	1	1.0
1898	1	1.0
1899	1	1.0
1900	1	1.0
1901	11	1
1902	1	1.0
1903	1	1.0
1904	13	1
1905	1	1.0
1906	1	1.0
1907	1	1.0
1908	1	1.0
1909	11	1
1910	1	1.0
1911	8	1
1912	1	1.0
1913	1	1.0
1914	14	1
1915	1	1.0
1916	1	1.0
1917	1	1.0
1918	1	1.0
1919	6	1
1920	1	1.0
1921	1	1.0
1922	1	1.0
1923	1	1.0
1924	1	1.0
1925	11	1
1926	1	1.0
1927	1	1.0
1928	1	1.0
1929	38	1
1930	1	1.0
1931	1	1.0
1932	1	1.0
1933	2	1
1934	13	1
1935	1	1.0
1936	13	1
1937	1	1.0
1938	1	1.0
1939	1	1.0
1940	1	1.0
1941	0	1
1942	5	1
1943	1	1.0
1944	1	1.0
1945	1	1.0
1946	2	1
1947	1	1.0
1948	1	1.0
1949	1	1.0
1950	1	1.0
1951	1	1.0
1952	3	1
1953	1	1.0
1954	14	1
1955	1	1.0
1956	1	1.0
1957	1	1.0
1958	1	1.0
1959	1	1.0
1960	2	1
1961	0	1
1962	1	1.0
1963	1	1.0
1964	1	1.0
1965	1	1.0
1966	28	1
1967	1	1.0
1968	1	1.0
1969	1	1.0
1970	1	1.0
1971	6	1
1972	36	1
1973	1	1.0
1974	36	1
1975	36	1
1976	1	1.0
1977	1	1.0
1978	1	1.0
1979	1	1.0
1980	1	1.0
1981	1	1.0
1982	67	1
1983	13	1
1984	1	1.0
1985	1	1.0
1986	1	1.0
1987	1	1.0
1988	1	1.0
1989	0	1
1990	1	1.0
1991	1	1.0
1992	1	1.0
1993	1	1.0
1994	0	1
1995	1	1.0
1996	12	1
1997	1	1.0
1998	1	1.0
1999	1	1.0
2000	1	1.0
2001	1	1.0
2002	68	1
2003	1	1.0
2004	1	1.0
2005	2	1
2006	1	1.0
2007	1	1.0
2008	1	1.0
2009	13	1
2010	13	1
2011	13	1
2012	1	1.0
2013	11	1
2014	1	1.0
2015	1	1.0
2016	3	1
2017	1	1.0
2018	1	1.0
2019	1	1.0
2020	26	1
2021	1	1.0
2022	1	1.0
2023	1	1.0
2024	1	1.0
2025	27	1
2026	27	1
2027	1	1.0
2028	1	1.0
2029	1	1.0
2030	1	1.0
2031	1	1.0
2032	1	1.0
2033	27	1
2034	1	1.0
2035	1	1.0
2036	1	1.0
2037	11	1
2038	1	1.0
2039	1	1.0
2040	3	1
2041	1	1.0
2042	1	1.0
2043	1	1.0
2044	14	1
2045	1	1.0
2046	1	1.0
2047	9	1
2048	69	1
2049	69	1
2050	1	1.0
2051	1	1.0
2052	1	1.0
2053	1	1.0
2054	1	1.0
2055	1	1.0
2056	0	1
2057	1	1.0
2058	1	1.0
2059	1	1.0
2060	1	1.0
2061	1	1.0
2062	8	1
2063	1	1.0
2064	1	1.0
2065	1	1.0
2066	1	1.0
2067	1	1.0
2068	0	1
2069	1	1.0
2070	70	1
2071	1	1.0
2072	14	1
2073	1	1.0
2074	36	1
2075	1	1.0
2076	1	1.0
2077	1	1.0
2078	13	1
2079	1	1.0
2080	36	1
2081	1	1.0
2082	47	1
2083	1	1.0
2084	3	1
2085	1	1.0
2086	1	1.0
2087	3	1
2088	1	1.0
2089	1	1.0
2090	1	1.0
2091	1	1.0
2092	29	1
2093	1	1.0
2094	1	1.0
2095	5	1
2096	1	1.0
2097	1	1.0
2098	1	1.0
2099	1	1.0
2100	9	1
2101	1	1.0
2102	1	1.0
2103	9	1
2104	1	1.0
2105	22	1
2106	1	1.0
2107	8	1
2108	1	1.0
2109	1	1.0
2110	1	1.0
2111	0	1
2112	1	1.0
2113	22	1
2114	27	1
2115	1	1.0
2116	1	1.0
2117	1	1.0
2118	1	1.0
2119	27	1
2120	1	1.0
2121	1	1.0
2122	1	1.0
2123	1	1.0
2124	1	1.0
2125	3	1
2126	7	1
2127	1	1.0
2128	1	1.0
2129	1	1.0
2130	37	1
2131	21	1
2132	1	1.0
2133	1	1.0
2134	37	1
2135	1	1.0
2136	12	1
2137	1	1.0
2138	1	1.0
2139	4	1
2140	1	1.0
2141	1	1.0
2142	1	1.0
2143	1	1.0
2144	4	1
2145	8	1
2146	1	1.0
2147	1	1.0
2148	1	1.0
2149	29	1
2150	1	1.0
2151	1	1.0
2152	11	1
2153	1	1.0
2154	1	1.0
2155	13	1
2156	1	1.0
2157	1	1.0
2158	1	1.0
2159	1	1.0
2160	1	1.0
2161	13	1
2162	2	1
2163	1	1.0
2164	1	1.0
2165	1	1.0
2166	1	1.0
2167	1	1.0
2168	0	1
2169	1	1.0
2170	13	1
2171	1	1.0
2172	15	1
2173	1	1.0
2174	14	1
2175	1	1.0
2176	1	1.0
2177	1	1.0
2178	1	1.0
2179	1	1.0
2180	1	1.0
2181	12	1
2182	1	1.0
2183	9	1
2184	16	1
2185	1	1.0
2186	1	1.0
2187	1	1.0
2188	6	1
2189	1	1.0
2190	1	1.0
2191	1	1.0
2192	1	1.0
2193	1	1.0
2194	16	1
2195	1	1.0
2196	16	1
2197	1	1.0
2198	1	1.0
2199	1	1.0
2200	16	1
2201	1	1.0
2202	1	1.0
2203	1	1.0
2204	1	1.0
2205	1	1.0
2206	1	1.0
2207	71	1
2208	72	1
2209	1	1.0
2210	1	1.0
2211	1	1.0
2212	1	1.0
2213	1	1.0
2214	1	1.0
2215	7	1
2216	1	1.0
2217	48	1
2218	14	1
2219	1	1.0
2220	1	1.0
2221	1	1.0
2222	1	1.0
2223	1	1.0
2224	1	1.0
2225	1	1.0
2226	1	1.0
2227	73	1
2227	47	1
2228	1	1.0
2229	1	1.0
2230	73	1
2231	47	1
2232	1	1.0
2233	1	1.0
2234	3	1
2235	1	1.0
2236	1	1.0
2237	1	1.0
2238	0	1
2239	1	1.0
2240	1	1.0
2241	74	1
2242	1	1.0
2243	1	1.0
2244	32	1
2245	1	1.0
2246	75	1
2247	18	1
2248	1	1.0
2249	1	1.0
2250	1	1.0
2251	1	1.0
2252	68	1
2253	48	1
2254	1	1.0
2255	1	1.0
2256	1	1.0
2257	1	1.0
2258	1	1.0
2259	11	1
2260	8	1
2261	1	1.0
2262	1	1.0
2263	1	1.0
2264	1	1.0
2265	1	1.0
2266	1	1.0
2267	5	1
2268	1	1.0
2269	0	1
2270	1	1.0
2271	1	1.0
2272	1	1.0
2273	1	1.0
2274	72	1
2275	1	1.0
2276	72	1
2277	1	1.0
2278	55	1
2279	1	1.0
2280	1	1.0
2281	1	1.0
2282	14	1
2283	1	1.0
2284	1	1.0
2285	1	1.0
2286	1	1.0
2287	1	1.0
2288	1	1.0
2289	1	1.0
2290	1	1.0
2291	1	1.0
2292	12	1
2293	1	1.0
2294	18	1
2294	13	1
2295	1	1.0
2296	1	1.0
2297	1	1.0
2298	14	1
2299	1	1.0
2300	1	1.0
2301	1	1.0
2302	5	1
2303	1	1.0
2304	1	1.0
2305	1	1.0
2306	1	1.0
2307	3	1
2308	1	1.0
2309	1	1.0
2310	1	1.0
2311	12	1
2312	1	1.0
2313	1	1.0
2314	1	1.0
2315	3	1
2316	1	1.0
2317	12	1
2318	1	1.0
2319	1	1.0
2320	1	1.0
2321	1	1.0
2322	1	1.0
2323	12	1
2324	1	1.0
2325	1	1.0
2326	1	1.0
2327	14	1
2328	1	1.0
2329	47	1
2330	1	1.0
2331	1	1.0
2332	1	1.0
2333	1	1.0
2334	19	1
2335	1	1.0
2336	9	1
2337	8	1
2338	1	1.0
2339	1	1.0
2340	1	1.0
2341	1	1.0
2342	5	1
2343	1	1.0
2344	0	1
2345	1	1.0
2346	1	1.0
2347	1	1.0
2348	16	1
2349	1	1.0
2350	3	1
2351	1	1.0
2352	1	1.0
2353	1	1.0
2354	1	1.0
2355	1	1.0
2356	1	1.0
2357	6	1
2358	1	1.0
2359	1	1.0
2360	1	1.0
2361	1	1.0
2362	16	1
2363	16	1
2364	1	1.0
2365	1	1.0
2366	1	1.0
2367	1	1.0
2368	1	1.0
2369	16	1
2370	1	1.0
2371	12	1
2372	1	1.0
2373	12	1
2374	1	1.0
2375	1	1.0
2376	1	1.0
2377	1	1.0
2378	1	1.0
2379	1	1.0
2380	8	1
2381	13	1
2382	1	1.0
2383	1	1.0
2384	1	1.0
2385	8	1
2386	14	1
2387	1	1.0
2388	1	1.0
2389	1	1.0
2390	8	1
2391	1	1.0
2392	1	1.0
2393	1	1.0
2394	1	1.0
2395	1	1.0
2396	1	1.0
2397	13	1
2398	1	1.0
2399	1	1.0
2400	1	1.0
2401	1	1.0
2402	12	1
2403	1	1.0
2404	1	1.0
2405	32	1
2406	1	1.0
2407	1	1.0
2408	0	1
2409	1	1.0
2410	1	1.0
2411	1	1.0
2412	11	1
2413	1	1.0
2414	1	1.0
2415	76	1
2416	1	1.0
2417	1	1.0
2418	1	1.0
2419	11	1
2420	1	1.0
2421	1	1.0
2422	13	1
2423	1	1.0
2424	1	1.0
2425	1	1.0
2426	12	1
2427	1	1.0
2428	1	1.0
2429	12	1
2430	1	1.0
2431	1	1.0
2432	12	1
2433	1	1.0
2434	1	1.0
2435	1	1.0
2436	1	1.0
2437	1	1.0
2438	1	1.0
2439	5	1
2440	1	1.0
2441	1	1.0
2442	0	1
2443	1	1.0
2444	5	1
2445	1	1.0
2446	1	1.0
2447	1	1.0
2448	1	1.0
2449	32	1
2450	1	1.0
2451	32	1
2452	2	1
2453	1	1.0
2454	1	1.0
2455	4	1
2456	40	1
2457	1	1.0
2458	1	1.0
2459	1	1.0
2460	13	1
2461	1	1.0
2462	13	1
2463	1	1.0
2464	1	1.0
2465	1	1.0
2466	1	1.0
2467	5	1
2468	1	1.0
2469	1	1.0
2470	7	1
2471	1	1.0
2472	1	1.0
2473	77	1
2474	1	1.0
2475	1	1.0
2476	1	1.0
2477	5	1
2478	1	1.0
2479	78	1
2480	1	1.0
2481	26	1
2482	1	1.0
2483	1	1.0
2484	1	1.0
2485	4	1
2486	1	1.0
2487	1	1.0
2488	4	1
2489	1	1.0
2490	49	1
2491	1	1.0
2492	1	1.0
2493	79	1
2494	1	1.0
2495	1	1.0
2496	1	1.0
2497	5	1
2498	5	1
2499	1	1.0
2500	1	1.0
2501	1	1.0
2502	1	1.0
2503	50	1
2504	1	1.0
2505	1	1.0
2506	12	1
2507	1	1.0
2508	1	1.0
2509	1	1.0
2510	3	1
2511	12	1
2512	1	1.0
2513	1	1.0
2514	1	1.0
2515	2	1
2516	1	1.0
2517	1	1.0
2518	1	1.0
2519	7	1
2520	1	1.0
2521	1	1.0
2522	16	1
2523	1	1.0
2524	13	1
2525	1	1.0
2526	1	1.0
2527	1	1.0
2528	1	1.0
2529	0	1
2530	1	1.0
2531	1	1.0
2532	1	1.0
2533	1	1.0
2534	1	1.0
2535	5	1
2536	1	1.0
2537	1	1.0
2538	1	1.0
2539	1	1.0
2540	1	1.0
2541	1	1.0
2542	1	1.0
2543	1	1.0
2544	1	1.0
2545	12	1
2546	1	1.0
2547	1	1.0
2548	1	1.0
2549	1	1.0
2550	1	1.0
2551	12	1
2552	1	1.0
2553	12	1
2554	1	1.0
2555	1	1.0
2556	5	1
2557	1	1.0
2558	1	1.0
2559	1	1.0
2560	1	1.0
2561	0	1
2562	1	1.0
2563	12	1
2564	1	1.0
2565	1	1.0
2566	1	1.0
2567	13	1
2568	1	1.0
2569	1	1.0
2570	1	1.0
2571	1	1.0
2572	12	1
2573	1	1.0
2574	1	1.0
2575	1	1.0
2576	1	1.0
2577	3	1
2578	1	1.0
2579	1	1.0
2580	1	1.0
2581	1	1.0
2582	16	1
2583	1	1.0
2584	1	1.0
2585	1	1.0
2586	1	1.0
2587	1	1.0
2588	1	1.0
2589	44	1
2590	1	1.0
2591	1	1.0
2592	1	1.0
2593	1	1.0
2594	1	1.0
2595	1	1.0
2596	1	1.0
2597	44	1
2598	44	1
2599	44	1
2600	16	1
2600	62	1
2601	1	1.0
2602	16	1
2603	1	1.0
2604	1	1.0
2605	62	1
2606	1	1.0
2607	1	1.0
2608	1	1.0
2609	1	1.0
2610	44	1
2611	1	1.0
2612	5	1
2613	1	1.0
2614	1	1.0
2615	1	1.0
2616	0	1
2617	1	1.0
2618	1	1.0
2619	1	1.0
2620	13	1
2621	1	1.0
2622	1	1.0
2623	1	1.0
2624	7	1
2625	1	1.0
2626	1	1.0
2627	40	1
2628	1	1.0
2629	1	1.0
2630	1	1.0
2631	80	1
2632	80	1
2633	1	1.0
2634	80	1
2635	1	1.0
2636	1	1.0
2637	14	1
2638	1	1.0
2639	1	1.0
2640	13	1
2641	4	1
2642	1	1.0
2643	1	1.0
2644	1	1.0
2645	60	1
2646	1	1.0
2647	1	1.0
2648	1	1.0
2649	11	1
2650	1	1.0
2651	1	1.0
2652	1	1.0
2653	7	1
2654	1	1.0
2655	75	1
2656	1	1.0
2657	1	1.0
2658	3	1
2659	1	1.0
2660	1	1.0
2661	64	1
2662	1	1.0
2663	64	1
2664	12	1
2665	1	1.0
2666	2	1
2667	1	1.0
2668	1	1.0
2669	1	1.0
2670	7	1
2671	1	1.0
2672	1	1.0
2673	1	1.0
2674	1	1.0
2675	1	1.0
2676	1	1.0
2677	6	1
2678	1	1.0
2679	16	1
2679	81	1
2680	1	1.0
2681	1	1.0
2682	16	1
2683	1	1.0
2684	12	1
2685	1	1.0
2686	1	1.0
2687	1	1.0
2688	5	1
2689	1	1.0
2690	4	1
2691	1	1.0
2692	1	1.0
2693	1	1.0
2694	11	1
2695	1	1.0
2696	1	1.0
2697	67	1
2698	67	1
2699	1	1.0
2700	63	1
2701	1	1.0
2702	1	1.0
2703	13	1
2704	1	1.0
2705	1	1.0
2706	1	1.0
2707	13	1
2708	1	1.0
2709	1	1.0
2710	1	1.0
2711	5	1
2712	1	1.0
2713	0	1
2714	1	1.0
2715	1	1.0
2716	1	1.0
2717	4	1
2718	1	1.0
2719	12	1
2720	3	1
2721	1	1.0
2722	1	1.0
2723	1	1.0
2724	1	1.0
2725	13	1
2726	1	1.0
2727	1	1.0
2728	4	1
2729	1	1.0
2730	1	1.0
2731	9	1
2732	1	1.0
2733	12	1
2734	1	1.0
2735	8	1
2736	1	1.0
2737	8	1
2738	1	1.0
2739	1	1.0
2740	1	1.0
2741	0	1
2742	42	1
2743	1	1.0
2744	1	1.0
2745	1	1.0
2746	42	1
2747	1	1.0
2748	1	1.0
2749	1	1.0
2750	1	1.0
2751	14	1
2752	1	1.0
2753	1	1.0
2754	63	1
2755	1	1.0
2756	63	1
2757	1	1.0
2758	1	1.0
2759	8	1
2760	1	1.0
2761	1	1.0
2762	1	1.0
2763	7	1
2764	1	1.0
2765	1	1.0
2766	1	1.0
2767	13	1
2768	1	1.0
2769	10	1
2770	1	1.0
2771	1	1.0
2772	4	1
2773	1	1.0
2774	1	1.0
2775	14	1
2776	1	1.0
2777	1	1.0
2778	1	1.0
2779	1	1.0
2780	1	1.0
2781	0	1
2782	1	1.0
2783	1	1.0
2784	1	1.0
2785	0	1
2786	1	1.0
2787	1	1.0
2788	38	1
2789	1	1.0
2790	1	1.0
2791	38	1
2792	1	1.0
2793	1	1.0
2794	1	1.0
2795	8	1
2796	1	1.0
2797	1	1.0
2798	1	1.0
2799	1	1.0
2800	10	1
2801	1	1.0
2802	10	1
2803	1	1.0
2804	10	1
2805	1	1.0
2806	11	1
2807	1	1.0
2808	1	1.0
2809	1	1.0
2810	1	1.0
2811	21	1
2812	1	1.0
2813	1	1.0
2814	1	1.0
2815	2	1
2816	1	1.0
2817	1	1.0
2818	1	1.0
2819	13	1
2820	47	1
2821	1	1.0
2822	1	1.0
2823	1	1.0
2824	6	1
2825	1	1.0
2826	1	1.0
2827	1	1.0
2828	1	1.0
2829	11	1
2830	1	1.0
2831	1	1.0
2832	12	1
2833	1	1.0
2834	1	1.0
2835	35	1
2836	4	1
2837	1	1.0
2838	1	1.0
2839	1	1.0
2840	13	1
2841	36	1
2842	1	1.0
2843	1	1.0
2844	1	1.0
2845	1	1.0
2846	1	1.0
2847	1	1.0
2848	1	1.0
2849	0	1
2850	7	1
2851	1	1.0
2852	1	1.0
2853	1	1.0
2854	1	1.0
2855	1	1.0
2856	1	1.0
2857	5	1
2858	44	1
2859	1	1.0
2860	1	1.0
2861	0	1
2862	1	1.0
2863	3	1
2864	1	1.0
2865	1	1.0
2866	1	1.0
2867	63	1
2868	1	1.0
2869	1	1.0
2870	1	1.0
2871	1	1.0
2872	1	1.0
2873	10	1
2874	1	1.0
2875	1	1.0
2876	33	1
2877	1	1.0
2878	1	1.0
2879	1	1.0
2880	13	1
2881	1	1.0
2882	4	1
2883	1	1.0
2884	1	1.0
2885	1	1.0
2886	1	1.0
2887	1	1.0
2888	5	1
2889	1	1.0
2890	1	1.0
2891	1	1.0
2892	1	1.0
2893	1	1.0
2894	1	1.0
2895	11	1
2896	11	1
2897	1	1.0
2898	1	1.0
2899	1	1.0
2900	1	1.0
2901	1	1.0
2902	3	1
2903	1	1.0
2904	1	1.0
2905	47	1
2906	17	1
2907	1	1.0
2908	1	1.0
2909	1	1.0
2910	3	1
2911	1	1.0
2912	1	1.0
2913	12	1
2914	1	1.0
2915	12	1
2916	1	1.0
2917	6	1
2918	1	1.0
2919	1	1.0
2920	1	1.0
2921	1	1.0
2922	80	1
2923	1	1.0
2924	1	1.0
2925	80	1
2926	1	1.0
2927	1	1.0
2928	1	1.0
2929	1	1.0
2930	14	1
2931	7	1
2932	1	1.0
2933	1	1.0
2934	1	1.0
2935	1	1.0
2936	30	1
2937	1	1.0
2938	1	1.0
2939	1	1.0
2940	6	1
2941	1	1.0
2942	1	1.0
2943	44	1
2943	13	1
2944	1	1.0
2945	1	1.0
2946	1	1.0
2947	16	1
2948	1	1.0
2949	1	1.0
2950	1	1.0
2951	16	1
2952	1	1.0
2953	7	1
2954	1	1.0
2955	1	1.0
2956	1	1.0
2957	1	1.0
2958	1	1.0
2959	11	1
2960	1	1.0
2961	34	1
2962	1	1.0
2963	82	1
2964	1	1.0
2965	1	1.0
2966	82	1
2967	1	1.0
2968	1	1.0
2969	1	1.0
2970	10	1
2971	1	1.0
2972	6	1
2973	1	1.0
2974	1	1.0
2975	1	1.0
2976	1	1.0
2977	1	1.0
2978	16	1
2979	1	1.0
2980	1	1.0
2981	1	1.0
2982	16	1
2983	1	1.0
2984	1	1.0
2985	16	1
2986	1	1.0
2987	1	1.0
2988	1	1.0
2989	7	1
2990	1	1.0
2991	1	1.0
2992	14	1
2993	1	1.0
2994	11	1
2995	1	1.0
2996	1	1.0
2997	1	1.0
2998	14	1
2999	1	1.0
3000	1	1.0
3001	1	1.0
3002	1	1.0
3003	1	1.0
3004	10	1
3005	1	1.0
3006	1	1.0
3007	1	1.0
3008	1	1.0
3009	13	1
3010	1	1.0
3011	1	1.0
3012	1	1.0
3013	13	1
3014	1	1.0
3015	13	1
3016	1	1.0
3017	1	1.0
3018	13	1
3019	1	1.0
3020	1	1.0
3021	1	1.0
3022	1	1.0
3023	13	1
3024	1	1.0
3025	1	1.0
3026	1	1.0
3027	1	1.0
3028	6	1
3029	1	1.0
3030	1	1.0
3031	1	1.0
3032	8	1
3033	1	1.0
3034	1	1.0
3035	34	1
3036	1	1.0
3037	1	1.0
3038	1	1.0
3039	8	1
3040	1	1.0
3041	1	1.0
3042	1	1.0
3043	1	1.0
3044	12	1
3045	1	1.0
3046	1	1.0
3047	1	1.0
3048	1	1.0
3049	1	1.0
3050	1	1.0
3051	1	1.0
3052	1	1.0
3053	1	1.0
3054	74	1
3055	74	1
3056	1	1.0
3057	1	1.0
3058	1	1.0
3059	1	1.0
3060	1	1.0
3061	1	1.0
3062	1	1.0
3063	1	1.0
3064	1	1.0
3065	1	1.0
3066	1	1.0
3067	1	1.0
3068	1	1.0
3069	1	1.0
3070	1	1.0
3071	1	1.0
3072	1	1.0
3073	1	1.0
3074	1	1.0
3075	1	1.0
3076	1	1.0
3077	1	1.0
3078	1	1.0
3079	1	1.0
3080	1	1.0
3081	1	1.0
3082	1	1.0
3083	1	1.0
3084	1	1.0
3085	1	1.0
3086	1	1.0
3087	1	1.0
3088	1	1.0
3089	1	1.0
3090	1	1.0
3091	1	1.0
3092	1	1.0
3093	1	1.0
3094	1	1.0
3095	1	1.0
3096	1	1.0
3097	1	1.0
3098	12	1
3099	1	1.0
3100	43	1
3101	1	1.0
3102	1	1.0
3103	74	1
3104	1	1.0
3105	1	1.0
3106	1	1.0
3107	1	1.0
3108	1	1.0
3109	1	1.0
3110	1	1.0
3111	1	1.0
3112	1	1.0
3113	3	1
3114	13	1
3115	14	1
3116	1	1.0
3117	1	1.0
3118	10	1
3119	1	1.0
3120	1	1.0
3121	1	1.0
3122	1	1.0
3123	21	1
3124	1	1.0
3125	1	1.0
3126	2	1
3127	1	1.0
3128	1	1.0
3129	1	1.0
3130	1	1.0
3131	1	1.0
3132	3	1
3133	4	1
3134	1	1.0
3135	1	1.0
3136	47	1
3137	1	1.0
3138	38	1
3139	1	1.0
3140	1	1.0
3141	1	1.0
3142	1	1.0
3143	1	1.0
3144	0	1
3145	1	1.0
3146	67	1
3147	1	1.0
3148	8	1
3149	1	1.0
3150	1	1.0
3151	1	1.0
3152	16	1
3153	1	1.0
3154	1	1.0
3155	1	1.0
3156	2	1
3157	1	1.0
3158	1	1.0
3159	5	1
3160	12	1
3161	1	1.0
3162	1	1.0
3163	1	1.0
3164	7	1
3165	1	1.0
3166	1	1.0
3167	6	1
3168	1	1.0
3169	1	1.0
3170	1	1.0
3171	44	1
3172	1	1.0
3173	13	1
3174	13	1
3175	1	1.0
3176	1	1.0
3177	11	1
3178	1	1.0
3179	1	1.0
3180	1	1.0
3181	12	1
3182	1	1.0
3183	0	1
3184	1	1.0
3185	1	1.0
3186	1	1.0
3187	1	1.0
3188	1	1.0
3189	1	1.0
3190	6	1
3191	1	1.0
3192	1	1.0
3193	13	1
3194	13	1
3195	1	1.0
3196	1	1.0
3197	7	1
3198	1	1.0
3199	1	1.0
3200	1	1.0
3201	1	1.0
3202	0	1
3203	1	1.0
3204	1	1.0
3205	1	1.0
3206	5	1
3207	68	1
3208	1	1.0
3209	34	1
3210	1	1.0
3211	1	1.0
3212	1	1.0
3213	1	1.0
3214	41	1
3215	1	1.0
3216	1	1.0
3217	1	1.0
3218	1	1.0
3219	12	1
3220	1	1.0
3221	1	1.0
3222	61	1
3223	1	1.0
3224	76	1
3224	61	1
3225	1	1.0
3226	1	1.0
3227	1	1.0
3228	1	1.0
3229	1	1.0
3230	1	1.0
3231	1	1.0
3232	4	1
3233	1	1.0
3234	1	1.0
3235	1	1.0
3236	8	1
3237	5	1
3238	1	1.0
3239	1	1.0
3240	1	1.0
3241	1	1.0
3242	1	1.0
3243	1	1.0
3244	8	1
3245	1	1.0
3246	1	1.0
3247	1	1.0
3248	6	1
3249	1	1.0
3250	1	1.0
3251	12	1
3252	1	1.0
3253	12	1
3254	1	1.0
3255	12	1
3256	1	1.0
3257	1	1.0
3258	68	1
3259	1	1.0
3260	1	1.0
3261	1	1.0
3262	8	1
3263	1	1.0
3264	1	1.0
3265	12	1
3266	1	1.0
3267	1	1.0
3268	44	1
3269	1	1.0
3270	1	1.0
3271	1	1.0
3272	1	1.0
3273	26	1
3274	1	1.0
3275	1	1.0
3276	1	1.0
3277	6	1
3278	1	1.0
3279	1	1.0
3280	8	1
3281	1	1.0
3282	1	1.0
3283	1	1.0
3284	1	1.0
3285	1	1.0
3286	5	1
3287	1	1.0
3288	1	1.0
3289	71	1
3290	6	1
3291	1	1.0
3292	1	1.0
3293	1	1.0
3294	1	1.0
3295	56	1
3296	1	1.0
3297	1	1.0
3298	1	1.0
3299	1	1.0
3300	1	1.0
3301	28	1
3302	1	1.0
3303	56	1
3304	1	1.0
3305	1	1.0
3306	1	1.0
3307	1	1.0
3308	1	1.0
3309	5	1
3310	1	1.0
3311	1	1.0
3312	1	1.0
3313	1	1.0
3314	1	1.0
3315	1	1.0
3316	1	1.0
3317	32	1
3318	12	1
3319	1	1.0
3320	1	1.0
3321	1	1.0
3322	47	1
3323	1	1.0
3324	1	1.0
3325	1	1.0
3326	1	1.0
3327	1	1.0
3328	13	1
3329	1	1.0
3330	1	1.0
3331	1	1.0
3332	1	1.0
3333	26	1
3334	1	1.0
3335	1	1.0
3336	1	1.0
3337	1	1.0
3338	1	1.0
3339	13	1
3340	13	1
3341	1	1.0
3342	13	1
3343	1	1.0
3344	1	1.0
3345	1	1.0
3346	11	1
3347	1	1.0
3348	1	1.0
3349	0	1
3350	1	1.0
3351	1	1.0
3352	83	1
3353	1	1.0
3354	13	1
3355	12	1
3356	1	1.0
3357	1	1.0
3358	1	1.0
3359	1	1.0
3360	1	1.0
3361	83	1
3362	1	1.0
3363	1	1.0
3364	1	1.0
3365	1	1.0
3366	83	1
3367	1	1.0
3368	1	1.0
3369	1	1.0
3370	6	1
3371	1	1.0
3372	1	1.0
3373	1	1.0
3374	1	1.0
3375	13	1
3376	1	1.0
3377	1	1.0
3378	13	1
3379	1	1.0
3380	1	1.0
3381	1	1.0
3382	47	1
3383	1	1.0
3384	1	1.0
3385	13	1
3386	1	1.0
3387	82	1
3388	1	1.0
3389	8	1
3390	1	1.0
3391	32	1
3392	1	1.0
3393	1	1.0
3394	1	1.0
3395	8	1
3396	1	1.0
3397	1	1.0
3398	4	1
3399	1	1.0
3400	4	1
3401	1	1.0
3402	1	1.0
3403	1	1.0
3404	13	1
3405	1	1.0
3406	14	1
3407	1	1.0
3408	1	1.0
3409	1	1.0
3410	1	1.0
3411	48	1
3411	58	1
3411	13	1
3411	61	1
3412	1	1.0
3413	14	1
3414	1	1.0
3415	1	1.0
3416	1	1.0
3417	1	1.0
3418	8	1
3419	1	1.0
3420	1	1.0
3421	13	1
3422	1	1.0
3423	7	1
3424	1	1.0
3425	1	1.0
3426	1	1.0
3427	13	1
3428	1	1.0
3429	1	1.0
3430	1	1.0
3431	1	1.0
3432	1	1.0
3433	13	1
3434	1	1.0
3435	0	1
3436	1	1.0
3437	1	1.0
3438	1	1.0
3439	1	1.0
3440	0	1
3441	1	1.0
3442	13	1
3443	1	1.0
3444	11	1
3445	1	1.0
3446	1	1.0
3447	1	1.0
3448	1	1.0
3449	1	1.0
3450	1	1.0
3451	4	1
3452	1	1.0
3453	1	1.0
3454	4	1
3455	1	1.0
3456	2	1
3457	1	1.0
3458	1	1.0
3459	1	1.0
3460	1	1.0
3461	1	1.0
3462	8	1
3463	1	1.0
3464	1	1.0
3465	44	1
3466	1	1.0
3467	1	1.0
3468	16	1
3469	1	1.0
3470	1	1.0
3471	47	1
3472	1	1.0
3473	1	1.0
3474	1	1.0
3475	26	1
3476	1	1.0
3477	26	1
3478	1	1.0
3479	47	1
3480	1	1.0
3481	13	1
3482	1	1.0
3483	1	1.0
3484	3	1
3485	1	1.0
3486	1	1.0
3487	1	1.0
3488	1	1.0
3489	1	1.0
3490	1	1.0
3491	7	1
3492	1	1.0
3493	13	1
3494	1	1.0
3495	1	1.0
3496	8	1
3497	1	1.0
3498	1	1.0
3499	1	1.0
3500	1	1.0
3501	8	1
3502	1	1.0
3503	1	1.0
3504	1	1.0
3505	1	1.0
3506	1	1.0
3507	13	1
3508	1	1.0
3509	13	1
3510	1	1.0
3511	1	1.0
3512	36	1
3513	13	1
3514	1	1.0
3515	1	1.0
3516	9	1
3517	7	1
3518	1	1.0
3519	1	1.0
3520	1	1.0
3521	1	1.0
3522	1	1.0
3523	1	1.0
3524	1	1.0
3525	1	1.0
3526	14	1
3527	1	1.0
3528	1	1.0
3529	4	1
3530	1	1.0
3531	1	1.0
3532	1	1.0
3533	58	1
3534	58	1
3535	1	1.0
3536	13	1
3537	1	1.0
3538	1	1.0
3539	1	1.0
3540	1	1.0
3541	84	1
3542	1	1.0
3543	1	1.0
3544	1	1.0
3545	1	1.0
3546	1	1.0
3547	1	1.0
3548	7	1
3549	1	1.0
3550	1	1.0
3551	1	1.0
3552	1	1.0
3553	0	1
3554	1	1.0
3555	1	1.0
3556	32	1
3557	1	1.0
3558	1	1.0
3559	13	1
3560	1	1.0
3561	1	1.0
3562	1	1.0
3563	11	1
3564	62	1
3565	62	1
3566	1	1.0
3567	1	1.0
3568	62	1
3569	1	1.0
3570	62	1
3571	62	1
3572	1	1.0
3573	1	1.0
3574	1	1.0
3575	1	1.0
3576	1	1.0
3577	0	1
3578	1	1.0
3579	80	1
3580	8	1
3581	1	1.0
3582	1	1.0
3583	1	1.0
3584	1	1.0
3585	1	1.0
3586	1	1.0
3587	8	1
3588	1	1.0
3589	2	1
3590	1	1.0
3591	13	1
3592	1	1.0
3593	1	1.0
3594	13	1
3595	1	1.0
3596	13	1
3597	1	1.0
3598	1	1.0
3599	1	1.0
3600	1	1.0
3601	3	1
3602	1	1.0
3603	12	1
3604	1	1.0
3605	1	1.0
3606	0	1
3607	1	1.0
3608	1	1.0
3609	1	1.0
3610	1	1.0
3611	1	1.0
3612	1	1.0
3613	21	1
3614	21	1
3615	1	1.0
3616	1	1.0
3617	1	1.0
3618	47	1
3619	1	1.0
3620	21	1
3620	47	1
3621	1	1.0
3622	1	1.0
3623	1	1.0
3624	1	1.0
3625	1	1.0
3626	1	1.0
3627	1	1.0
3628	1	1.0
3629	4	1
3630	1	1.0
3631	1	1.0
3632	1	1.0
3633	1	1.0
3634	1	1.0
3635	1	1.0
3636	13	1
3637	13	1
3638	1	1.0
3639	1	1.0
3640	1	1.0
3641	13	1
3642	1	1.0
3643	6	1
3644	1	1.0
3645	1	1.0
3646	8	1
3647	1	1.0
3648	1	1.0
3649	1	1.0
3650	1	1.0
3651	1	1.0
3652	14	1
3653	2	1
3654	1	1.0
3655	1	1.0
3656	1	1.0
3657	1	1.0
3658	1	1.0
3659	1	1.0
3660	5	1
3661	1	1.0
3662	12	1
3663	1	1.0
3664	1	1.0
3665	7	1
3666	1	1.0
3667	1	1.0
3668	38	1
3669	1	1.0
3670	1	1.0
3671	4	1
3672	1	1.0
3673	13	1
3674	1	1.0
3675	14	1
3676	1	1.0
3677	1	1.0
3678	1	1.0
3679	1	1.0
3680	7	1
3681	1	1.0
3682	1	1.0
3683	54	1
3684	69	1
3685	1	1.0
3686	1	1.0
3687	1	1.0
3688	1	1.0
3689	1	1.0
3690	1	1.0
3691	1	1.0
3692	1	1.0
3693	7	1
3694	1	1.0
3695	6	1
3696	1	1.0
3697	1	1.0
3698	1	1.0
3699	1	1.0
3700	13	1
3701	1	1.0
3702	20	1
3703	1	1.0
3704	1	1.0
3705	7	1
3706	1	1.0
3707	16	1
3708	1	1.0
3709	1	1.0
3710	13	1
3711	21	1
3712	1	1.0
3713	1	1.0
3714	1	1.0
3715	1	1.0
3716	1	1.0
3717	11	1
3718	1	1.0
3719	14	1
3720	1	1.0
3721	1	1.0
3722	1	1.0
3723	0	1
3724	1	1.0
3725	1	1.0
3726	1	1.0
3727	1	1.0
3728	1	1.0
3729	1	1.0
3730	1	1.0
3731	13	1
3732	1	1.0
3733	1	1.0
3734	77	1
3735	1	1.0
3736	32	1
3737	1	1.0
3738	1	1.0
3739	1	1.0
3740	1	1.0
3741	1	1.0
3742	1	1.0
3743	1	1.0
3744	1	1.0
3745	1	1.0
3746	7	1
3747	1	1.0
3748	26	1
3749	1	1.0
3750	1	1.0
3751	8	1
3752	1	1.0
3753	1	1.0
3754	1	1.0
3755	1	1.0
3756	1	1.0
3757	10	1
3758	10	1
3759	1	1.0
3760	44	1
3761	1	1.0
3762	1	1.0
3763	1	1.0
3764	1	1.0
3765	1	1.0
3766	1	1.0
3767	3	1
3768	1	1.0
3769	4	1
3770	1	1.0
3771	1	1.0
3772	1	1.0
3773	0	1
3774	1	1.0
3775	1	1.0
3776	1	1.0
3777	1	1.0
3778	12	1
3779	1	1.0
3780	1	1.0
3781	1	1.0
3782	13	1
3783	13	1
3784	1	1.0
3785	1	1.0
3786	8	1
3787	1	1.0
3788	1	1.0
3789	1	1.0
3790	1	1.0
3791	54	1
3792	1	1.0
3793	54	1
3794	1	1.0
3795	1	1.0
3796	1	1.0
3797	1	1.0
3798	1	1.0
3799	7	1
3800	1	1.0
3801	1	1.0
3802	4	1
3803	1	1.0
3804	1	1.0
3805	3	1
3806	1	1.0
3807	30	1
3808	1	1.0
3809	1	1.0
3810	1	1.0
3811	30	1
3812	1	1.0
3813	1	1.0
3814	1	1.0
3815	2	1
3816	1	1.0
3817	32	1
3817	85	1
3818	1	1.0
3819	1	1.0
3820	1	1.0
3821	32	1
3822	62	1
3823	32	1
3823	85	1
3824	1	1.0
3825	1	1.0
3826	62	1
3827	1	1.0
3828	85	1
3829	1	1.0
3830	32	1
3830	85	1
3830	62	1
3831	1	1.0
3832	32	1
3832	85	1
3833	1	1.0
3834	62	1
3835	21	1
3836	1	1.0
3837	1	1.0
3838	13	1
3839	1	1.0
3840	1	1.0
3841	1	1.0
3842	4	1
3843	1	1.0
3844	1	1.0
3845	1	1.0
3846	1	1.0
3847	1	1.0
3848	1	1.0
3849	14	1
3850	1	1.0
3851	1	1.0
3852	1	1.0
3853	1	1.0
3854	1	1.0
3855	3	1
3856	1	1.0
3857	1	1.0
3858	1	1.0
3859	1	1.0
3860	1	1.0
3861	1	1.0
3862	8	1
3863	68	1
3864	1	1.0
3865	1	1.0
3866	13	1
3867	1	1.0
3868	1	1.0
3869	1	1.0
3870	1	1.0
3871	1	1.0
3872	5	1
3873	47	1
3874	13	1
3875	1	1.0
3876	1	1.0
3877	14	1
3878	1	1.0
3879	1	1.0
3880	1	1.0
3881	14	1
3882	13	1
3883	1	1.0
3884	1	1.0
3885	1	1.0
3886	4	1
3887	1	1.0
3888	1	1.0
3889	18	1
3890	1	1.0
3891	1	1.0
3892	13	1
3893	13	1
3894	1	1.0
3895	1	1.0
3896	18	1
3897	1	1.0
3898	1	1.0
3899	1	1.0
3900	1	1.0
3901	1	1.0
3902	5	1
3903	1	1.0
3904	1	1.0
3905	6	1
3906	44	1
3907	1	1.0
3908	1	1.0
3909	1	1.0
3910	1	1.0
3911	1	1.0
3912	1	1.0
3913	11	1
3914	11	1
3915	1	1.0
3916	1	1.0
3917	1	1.0
3918	1	1.0
3919	14	1
3920	13	1
3921	1	1.0
3922	1	1.0
3923	13	1
3924	1	1.0
3925	1	1.0
3926	1	1.0
3927	1	1.0
3928	13	1
3929	1	1.0
3930	1	1.0
3931	1	1.0
3932	1	1.0
3933	13	1
3934	13	1
3935	13	1
3936	13	1
3937	1	1.0
3938	1	1.0
3939	13	1
3940	1	1.0
3941	1	1.0
3942	13	1
3943	13	1
3944	1	1.0
3945	1	1.0
3946	13	1
3947	1	1.0
3948	13	1
3949	13	1
3950	1	1.0
3951	1	1.0
3952	1	1.0
3953	1	1.0
3954	1	1.0
3955	12	1
3956	1	1.0
3957	1	1.0
3958	12	1
3959	1	1.0
3960	1	1.0
3961	1	1.0
3962	12	1
3963	1	1.0
3964	1	1.0
3965	8	1
3966	1	1.0
3967	14	1
3968	1	1.0
3969	1	1.0
3970	1	1.0
3971	1	1.0
3972	1	1.0
3973	7	1
3974	1	1.0
3975	1	1.0
3976	1	1.0
3977	1	1.0
3978	12	1
3979	30	1
3980	13	1
3981	1	1.0
3982	42	1
3983	1	1.0
3984	1	1.0
3985	73	1
3986	2	1
3987	1	1.0
3988	1	1.0
3989	1	1.0
3990	13	1
3991	1	1.0
3992	5	1
3993	1	1.0
3994	1	1.0
3995	1	1.0
3996	14	1
3997	1	1.0
3998	1	1.0
3999	3	1
4000	1	1.0
4001	1	1.0
4002	1	1.0
4003	1	1.0
4004	0	1
4005	1	1.0
4006	16	1
4007	1	1.0
4008	1	1.0
4009	1	1.0
4010	2	1
4011	8	1
4012	1	1.0
4013	1	1.0
4014	30	1
4015	1	1.0
4016	1	1.0
4017	1	1.0
4018	13	1
4019	30	1
4020	1	1.0
4021	86	1
4022	1	1.0
4023	16	1
4024	0	1
4025	1	1.0
4026	1	1.0
4027	1	1.0
4028	1	1.0
4029	1	1.0
4030	1	1.0
4031	3	1
4032	1	1.0
4033	0	1
4034	1	1.0
4035	1	1.0
4036	1	1.0
4037	8	1
4038	53	1
4039	1	1.0
4040	1	1.0
4041	10	1
4042	1	1.0
4043	1	1.0
4044	1	1.0
4045	8	1
4046	1	1.0
4047	1	1.0
4048	1	1.0
4049	5	1
4050	1	1.0
4051	1	1.0
4052	7	1
4053	1	1.0
4054	1	1.0
4055	1	1.0
4056	1	1.0
4057	1	1.0
4058	13	1
4059	87	1
4060	1	1.0
4061	1	1.0
4062	1	1.0
4063	1	1.0
4064	10	1
4065	1	1.0
4066	12	1
4067	1	1.0
4068	1	1.0
4069	1	1.0
4070	1	1.0
4071	12	1
4072	1	1.0
4073	1	1.0
4074	1	1.0
4075	1	1.0
4076	1	1.0
4077	10	1
4078	1	1.0
4079	1	1.0
4080	4	1
4081	1	1.0
4082	1	1.0
4083	1	1.0
4084	4	1
4085	1	1.0
4086	13	1
4087	1	1.0
4088	1	1.0
4089	27	1
4090	1	1.0
4091	87	1
4092	1	1.0
4093	1	1.0
4094	1	1.0
4095	87	1
4096	1	1.0
4097	1	1.0
4098	7	1
4099	1	1.0
4100	1	1.0
4101	1	1.0
4102	3	1
4103	1	1.0
4104	1	1.0
4105	1	1.0
4106	1	1.0
4107	11	1
4108	1	1.0
4109	1	1.0
4110	7	1
4111	75	1
4112	1	1.0
4113	75	1
4114	1	1.0
4115	1	1.0
4116	1	1.0
4117	75	1
4118	71	1
4119	1	1.0
4120	1	1.0
4121	1	1.0
4122	1	1.0
4123	1	1.0
4124	1	1.0
4125	12	1
4126	1	1.0
4127	1	1.0
4128	1	1.0
4129	20	1
4130	20	1
4131	13	1
4132	6	1
4133	1	1.0
4134	1	1.0
4135	1	1.0
4136	1	1.0
4137	1	1.0
4138	8	1
4139	1	1.0
4140	13	1
4141	1	1.0
4142	13	1
4143	1	1.0
4144	1	1.0
4145	1	1.0
4146	1	1.0
4147	1	1.0
4148	1	1.0
4149	1	1.0
4150	1	1.0
4151	8	1
4152	13	1
4153	1	1.0
4154	1	1.0
4155	1	1.0
4156	1	1.0
4157	2	1
4158	1	1.0
4159	88	1
4160	1	1.0
4161	1	1.0
4162	1	1.0
4163	1	1.0
4164	1	1.0
4165	88	1
4166	88	1
4167	1	1.0
4168	1	1.0
4169	1	1.0
4170	88	1
4171	1	1.0
4172	1	1.0
4173	1	1.0
4174	1	1.0
4175	88	1
4176	1	1.0
4177	2	1
4178	1	1.0
4179	1	1.0
4180	1	1.0
4181	2	1
4182	1	1.0
4183	1	1.0
4184	1	1.0
4185	1	1.0
4186	1	1.0
4187	1	1.0
4188	12	1
4189	13	1
4190	0	1
4191	1	1.0
4192	1	1.0
4193	1	1.0
4194	56	1
4195	1	1.0
4196	1	1.0
4197	7	1
4198	1	1.0
4199	1	1.0
4200	1	1.0
4201	1	1.0
4202	1	1.0
4203	1	1.0
4204	1	1.0
4205	1	1.0
4206	38	1
4207	1	1.0
4208	1	1.0
4209	1	1.0
4210	8	1
4211	1	1.0
4212	1	1.0
4213	2	1
4214	1	1.0
4215	4	1
4216	1	1.0
4217	1	1.0
4218	1	1.0
4219	1	1.0
4220	1	1.0
4221	8	1
4222	30	1
4223	1	1.0
4224	1	1.0
4225	1	1.0
4226	1	1.0
4227	8	1
4228	1	1.0
4229	1	1.0
4230	16	1
4231	1	1.0
4232	16	1
4233	1	1.0
4234	1	1.0
4235	3	1
4236	1	1.0
4237	1	1.0
4238	7	1
4239	1	1.0
4240	1	1.0
4241	1	1.0
4242	1	1.0
4243	6	1
4244	1	1.0
4245	33	1
4246	1	1.0
4247	1	1.0
4248	1	1.0
4249	8	1
4250	1	1.0
4251	14	1
4252	1	1.0
4253	14	1
4254	1	1.0
4255	1	1.0
4256	47	1
4257	1	1.0
4258	4	1
4259	1	1.0
4260	1	1.0
4261	1	1.0
4262	12	1
4263	1	1.0
4264	1	1.0
4265	1	1.0
4266	1	1.0
4267	1	1.0
4268	1	1.0
4269	1	1.0
4270	6	1
4271	1	1.0
4272	1	1.0
4273	13	1
4274	1	1.0
4275	7	1
4276	1	1.0
4277	1	1.0
4278	1	1.0
4279	1	1.0
4280	12	1
4281	1	1.0
4282	12	1
4283	1	1.0
4284	1	1.0
4285	1	1.0
4286	7	1
4287	1	1.0
4288	12	1
4289	1	1.0
4290	1	1.0
4291	1	1.0
4292	5	1
4293	1	1.0
4294	1	1.0
4295	1	1.0
4296	13	1
4297	1	1.0
4298	29	1
4299	13	1
4300	1	1.0
4301	1	1.0
4302	1	1.0
4303	3	1
4304	1	1.0
4305	1	1.0
4306	59	1
4307	1	1.0
4308	1	1.0
4309	14	1
4310	1	1.0
4311	1	1.0
4312	0	1
4313	1	1.0
4314	1	1.0
4315	2	1
4316	1	1.0
4317	66	1
4318	66	1
4319	1	1.0
4320	1	1.0
4321	1	1.0
4322	1	1.0
4323	1	1.0
4324	12	1
4325	1	1.0
4326	60	1
4327	1	1.0
4328	1	1.0
4329	1	1.0
4330	1	1.0
4331	1	1.0
4332	6	1
4333	1	1.0
4334	1	1.0
4335	1	1.0
4336	22	1
4337	1	1.0
4338	7	1
4339	1	1.0
4340	1	1.0
4341	1	1.0
4342	26	1
4343	1	1.0
4344	1	1.0
4345	1	1.0
4346	11	1
4347	1	1.0
4348	63	1
4349	7	1
4350	1	1.0
4351	1	1.0
4352	1	1.0
4353	1	1.0
4354	1	1.0
4355	1	1.0
4356	3	1
4357	1	1.0
4358	5	1
4359	1	1.0
4360	1	1.0
4361	1	1.0
4362	1	1.0
4363	1	1.0
4364	12	1
4365	1	1.0
4366	9	1
4367	1	1.0
4368	1	1.0
4369	9	1
4370	1	1.0
4371	46	1
4372	1	1.0
4373	1	1.0
4374	1	1.0
4375	46	1
4376	1	1.0
4377	1	1.0
4378	1	1.0
4379	1	1.0
4380	3	1
4381	11	1
4382	1	1.0
4383	1	1.0
4384	1	1.0
4385	74	1
4386	1	1.0
4387	1	1.0
4388	52	1
4389	75	1
4390	1	1.0
4391	1	1.0
4392	1	1.0
4393	13	1
4394	1	1.0
4395	1	1.0
4396	1	1.0
4397	1	1.0
4398	1	1.0
4399	1	1.0
4400	6	1
4401	1	1.0
4402	1	1.0
4403	1	1.0
4404	1	1.0
4405	1	1.0
4406	14	1
4407	11	1
4408	1	1.0
4409	1	1.0
4410	1	1.0
4411	1	1.0
4412	1	1.0
4413	5	1
4414	1	1.0
4415	32	1
4416	12	1
4417	1	1.0
4418	1	1.0
4419	11	1
4420	1	1.0
4421	1	1.0
4422	1	1.0
4423	13	1
4424	1	1.0
4425	1	1.0
4426	1	1.0
4427	0	1
4428	12	1
4429	1	1.0
4430	12	1
4431	1	1.0
4432	1	1.0
4433	1	1.0
4434	2	1
4435	1	1.0
4436	1	1.0
4437	4	1
4438	1	1.0
4439	1	1.0
4440	1	1.0
4441	1	1.0
4442	1	1.0
4443	1	1.0
4444	3	1
4445	1	1.0
4446	2	1
4447	1	1.0
4448	1	1.0
4449	16	1
4450	16	1
4450	13	1
4451	1	1.0
4452	1	1.0
4453	1	1.0
4454	1	1.0
4455	1	1.0
4456	1	1.0
4457	1	1.0
4458	16	1
4459	1	1.0
4460	1	1.0
4461	1	1.0
4462	16	1
4463	1	1.0
4464	5	1
4465	1	1.0
4466	1	1.0
4467	13	1
4468	11	1
4469	1	1.0
4470	1	1.0
4471	1	1.0
4472	12	1
4473	1	1.0
4474	1	1.0
4475	1	1.0
4476	1	1.0
4477	1	1.0
4478	3	1
4479	1	1.0
4480	2	1
4481	1	1.0
4482	1	1.0
4483	1	1.0
4484	25	1
4485	1	1.0
4486	1	1.0
4487	1	1.0
4488	8	1
4489	1	1.0
4490	2	1
4491	1	1.0
4492	1	1.0
4493	1	1.0
4494	59	1
4495	1	1.0
4496	1	1.0
4497	13	1
4498	1	1.0
4499	13	1
4500	1	1.0
4501	8	1
4502	1	1.0
4503	1	1.0
4504	1	1.0
4505	1	1.0
4506	1	1.0
4507	0	1
4508	1	1.0
4509	16	1
4510	1	1.0
4511	1	1.0
4512	1	1.0
4513	0	1
4514	1	1.0
4515	0	1
4516	1	1.0
4517	1	1.0
4518	1	1.0
4519	1	1.0
4520	13	1
4520	30	1
4521	13	1
4522	1	1.0
4523	1	1.0
4524	1	1.0
4525	1	1.0
4526	7	1
4527	1	1.0
4528	16	1
4529	1	1.0
4530	13	1
4531	1	1.0
4532	1	1.0
4533	1	1.0
4534	13	1
4535	1	1.0
4536	13	1
4537	1	1.0
4538	13	1
4539	1	1.0
4540	1	1.0
4541	1	1.0
4542	1	1.0
4543	1	1.0
4544	1	1.0
4545	1	1.0
4546	8	1
4547	1	1.0
4548	1	1.0
4549	14	1
4550	1	1.0
4551	1	1.0
4552	1	1.0
4553	7	1
4554	1	1.0
4555	1	1.0
4556	13	1
4557	8	1
4558	1	1.0
4559	1	1.0
4560	1	1.0
4561	1	1.0
4562	1	1.0
4563	1	1.0
4564	1	1.0
4565	1	1.0
4566	13	1
4567	1	1.0
4568	1	1.0
4569	1	1.0
4570	1	1.0
4571	1	1.0
4572	1	1.0
4573	1	1.0
4574	1	1.0
4575	1	1.0
4576	1	1.0
4577	12	1
4578	1	1.0
4579	12	1
4580	1	1.0
4581	1	1.0
4582	1	1.0
4583	1	1.0
4584	1	1.0
4585	12	1
4586	1	1.0
4587	1	1.0
4588	12	1
4589	1	1.0
4590	1	1.0
4591	1	1.0
4592	11	1
4593	1	1.0
4594	1	1.0
4595	1	1.0
4596	1	1.0
4597	1	1.0
4598	11	1
4599	23	1
4600	1	1.0
4601	0	1
4602	1	1.0
4603	1	1.0
4604	1	1.0
4605	1	1.0
4606	1	1.0
4607	0	1
4608	1	1.0
4609	1	1.0
4610	1	1.0
4611	1	1.0
4612	7	1
4613	1	1.0
4614	1	1.0
4615	1	1.0
4616	1	1.0
4617	1	1.0
4618	44	1
4619	1	1.0
4620	41	1
4621	1	1.0
4622	1	1.0
4623	1	1.0
4624	6	1
4625	1	1.0
4626	1	1.0
4627	1	1.0
4628	13	1
4629	13	1
4630	1	1.0
4631	1	1.0
4632	13	1
4633	1	1.0
4634	1	1.0
4635	1	1.0
4636	11	1
4637	1	1.0
4638	32	1
4639	1	1.0
4640	1	1.0
4641	11	1
4642	1	1.0
4643	1	1.0
4644	4	1
4645	1	1.0
4646	3	1
4647	1	1.0
4648	1	1.0
4649	1	1.0
4650	1	1.0
4651	1	1.0
4652	1	1.0
4653	1	1.0
4654	10	1
4655	10	1
4656	1	1.0
4657	1	1.0
4658	1	1.0
4659	1	1.0
4660	30	1
4661	1	1.0
4662	4	1
4663	1	1.0
4664	1	1.0
4665	13	1
4666	1	1.0
4667	1	1.0
4668	1	1.0
4669	1	1.0
4670	3	1
4671	1	1.0
4672	1	1.0
4673	1	1.0
4674	4	1
4675	1	1.0
4676	6	1
4677	1	1.0
4678	1	1.0
4679	1	1.0
4680	4	1
4681	1	1.0
4682	13	1
4683	1	1.0
4684	3	1
4685	1	1.0
4686	1	1.0
4687	1	1.0
4688	70	1
4689	13	1
4690	1	1.0
4691	1	1.0
4692	8	1
4693	1	1.0
4694	1	1.0
4695	3	1
4696	1	1.0
4697	1	1.0
4698	1	1.0
4699	1	1.0
4700	1	1.0
4701	5	1
4702	1	1.0
4703	1	1.0
4704	1	1.0
4705	7	1
4706	1	1.0
4707	1	1.0
4708	1	1.0
4709	7	1
4710	1	1.0
4711	13	1
4712	20	1
4712	39	1
4713	1	1.0
4714	20	1
4714	13	1
4715	1	1.0
4716	1	1.0
4717	1	1.0
4718	7	1
4719	1	1.0
4720	47	1
4721	1	1.0
4722	1	1.0
4723	1	1.0
4724	3	1
4725	1	1.0
4726	1	1.0
4727	1	1.0
4728	1	1.0
4729	70	1
4730	12	1
4731	1	1.0
4732	13	1
4733	13	1
4734	1	1.0
4735	1	1.0
4736	1	1.0
4737	1	1.0
4738	70	1
4739	1	1.0
4740	1	1.0
4741	1	1.0
4742	1	1.0
4743	1	1.0
4744	1	1.0
4745	1	1.0
4746	1	1.0
4747	1	1.0
4748	1	1.0
4749	1	1.0
4750	1	1.0
4751	1	1.0
4752	83	1
4752	63	1
4753	83	1
4753	63	1
4754	63	1
4755	1	1.0
4756	1	1.0
4757	83	1
4758	1	1.0
4759	63	1
4760	83	1
4761	83	1
4761	63	1
4762	1	1.0
4763	1	1.0
4764	1	1.0
4765	1	1.0
4766	1	1.0
4767	1	1.0
4768	1	1.0
4769	1	1.0
4770	1	1.0
4771	7	1
4772	1	1.0
4773	1	1.0
4774	1	1.0
4775	1	1.0
4776	45	1
4777	13	1
4778	1	1.0
4779	1	1.0
4780	1	1.0
4781	7	1
4782	1	1.0
4783	2	1
4784	1	1.0
4785	1	1.0
4786	1	1.0
4787	1	1.0
4788	1	1.0
4789	11	1
4790	1	1.0
4791	1	1.0
4792	1	1.0
4793	6	1
4794	1	1.0
4795	13	1
4796	13	1
4797	1	1.0
4798	73	1
4799	1	1.0
4800	1	1.0
4801	1	1.0
4802	1	1.0
4803	18	1
4804	1	1.0
4805	1	1.0
4806	18	1
4807	1	1.0
4808	1	1.0
4809	1	1.0
4810	1	1.0
4811	12	1
4812	1	1.0
4813	1	1.0
4814	47	1
4815	1	1.0
4816	1	1.0
4817	1	1.0
4818	1	1.0
4819	32	1
4820	12	1
4821	1	1.0
4822	1	1.0
4823	1	1.0
4824	1	1.0
4825	33	1
4825	53	1
4826	1	1.0
4827	1	1.0
4828	11	1
4829	1	1.0
4830	1	1.0
4831	1	1.0
4832	79	1
4833	1	1.0
4834	1	1.0
4835	1	1.0
4836	14	1
4837	1	1.0
4838	1	1.0
4839	1	1.0
4840	7	1
4841	0	1
4842	1	1.0
4843	1	1.0
4844	1	1.0
4845	13	1
4846	1	1.0
4847	1	1.0
4848	13	1
4849	1	1.0
4850	1	1.0
4851	1	1.0
4852	7	1
4853	1	1.0
4854	1	1.0
4855	14	1
4856	1	1.0
4857	1	1.0
4858	1	1.0
4859	13	1
4860	32	1
4861	1	1.0
4862	1	1.0
4863	1	1.0
4864	1	1.0
4865	1	1.0
4866	1	1.0
4867	13	1
4868	1	1.0
4869	1	1.0
4870	1	1.0
4871	1	1.0
4872	1	1.0
4873	1	1.0
4874	1	1.0
4875	1	1.0
4876	32	1
4877	1	1.0
4878	1	1.0
4879	1	1.0
4880	1	1.0
4881	1	1.0
4882	13	1
4883	1	1.0
4884	1	1.0
4885	1	1.0
4886	1	1.0
4887	1	1.0
4888	1	1.0
4889	1	1.0
4890	1	1.0
4891	30	1
4892	1	1.0
4893	1	1.0
4894	1	1.0
4895	3	1
4896	1	1.0
4897	5	1
4898	1	1.0
4899	1	1.0
4900	1	1.0
4901	27	1
4902	1	1.0
4903	1	1.0
4904	44	1
4905	1	1.0
4906	1	1.0
4907	1	1.0
4908	14	1
4909	1	1.0
4910	4	1
4911	1	1.0
4912	1	1.0
4913	1	1.0
4914	11	1
4915	5	1
4916	1	1.0
4917	1	1.0
4918	1	1.0
4919	12	1
4920	1	1.0
4921	1	1.0
4922	38	1
4923	14	1
4924	1	1.0
4925	1	1.0
4926	1	1.0
4927	1	1.0
4928	63	1
4929	1	1.0
4930	13	1
4931	1	1.0
4932	1	1.0
4933	1	1.0
4934	1	1.0
4935	1	1.0
4936	1	1.0
4937	5	1
4938	1	1.0
4939	2	1
4940	1	1.0
4941	1	1.0
4942	1	1.0
4943	1	1.0
4944	8	1
4945	1	1.0
4946	1	1.0
4947	12	1
4948	1	1.0
4949	1	1.0
4950	1	1.0
4951	1	1.0
4952	1	1.0
4953	13	1
4954	1	1.0
4955	1	1.0
4956	1	1.0
4957	13	1
4958	1	1.0
4959	1	1.0
4960	13	1
4961	1	1.0
4962	1	1.0
4963	1	1.0
4964	4	1
4965	11	1
4966	1	1.0
4967	1	1.0
4968	1	1.0
4969	1	1.0
4970	1	1.0
4971	3	1
4972	1	1.0
4973	2	1
4974	1	1.0
4975	1	1.0
4976	1	1.0
4977	13	1
4978	1	1.0
4979	13	1
4980	1	1.0
4981	1	1.0
4982	1	1.0
4983	1	1.0
4984	8	1
4985	1	1.0
4986	1	1.0
4987	1	1.0
4988	4	1
4989	1	1.0
4990	1	1.0
4991	38	1
4992	1	1.0
4993	13	1
4994	1	1.0
4995	2	1
4996	1	1.0
4997	1	1.0
4998	1	1.0
4999	61	1
5000	1	1.0
5001	61	1
5002	1	1.0
5003	1	1.0
5004	1	1.0
5005	1	1.0
5006	1	1.0
5007	2	1
5008	1	1.0
5009	7	1
5010	1	1.0
5011	1	1.0
5012	1	1.0
5013	1	1.0
5014	3	1
5015	1	1.0
5016	1	1.0
5017	1	1.0
5018	7	1
5019	1	1.0
5020	13	1
5021	1	1.0
5022	1	1.0
5023	1	1.0
5024	1	1.0
5025	2	1
5026	33	1
5027	1	1.0
5028	10	1
5029	1	1.0
5030	1	1.0
5031	4	1
5032	1	1.0
5033	1	1.0
5034	1	1.0
5035	1	1.0
5036	1	1.0
5037	11	1
5038	1	1.0
5039	1	1.0
5040	1	1.0
5041	1	1.0
5042	0	1
5043	1	1.0
5044	10	1
5045	89	1
5046	1	1.0
5047	1	1.0
5048	1	1.0
5049	1	1.0
5050	89	1
5051	1	1.0
5052	1	1.0
5053	2	1
5054	1	1.0
5055	1	1.0
5056	1	1.0
5057	1	1.0
5058	17	1
5059	1	1.0
5060	33	1
5061	1	1.0
5062	4	1
5063	1	1.0
5064	1	1.0
5065	1	1.0
5066	86	1
5067	1	1.0
5068	1	1.0
5069	1	1.0
5070	1	1.0
5071	1	1.0
5072	1	1.0
5073	1	1.0
5074	4	1
5075	1	1.0
5076	1	1.0
5077	1	1.0
5078	13	1
5079	1	1.0
5080	13	1
5081	1	1.0
5082	1	1.0
5083	1	1.0
5084	5	1
5085	1	1.0
5086	40	1
5087	1	1.0
5088	1	1.0
5089	1	1.0
5090	1	1.0
5091	1	1.0
5092	40	1
5093	1	1.0
5094	1	1.0
5095	1	1.0
5096	1	1.0
5097	80	1
5098	1	1.0
5099	1	1.0
5100	1	1.0
5101	1	1.0
5102	1	1.0
5103	40	1
5104	40	1
5105	1	1.0
5106	1	1.0
5107	1	1.0
5108	46	1
5109	1	1.0
5110	1	1.0
5111	1	1.0
5112	1	1.0
5113	1	1.0
5114	1	1.0
5115	1	1.0
5116	1	1.0
5117	1	1.0
5118	46	1
5119	1	1.0
5120	46	1
5121	46	1
5122	1	1.0
5123	1	1.0
5124	1	1.0
5125	1	1.0
5126	46	1
5127	1	1.0
5128	1	1.0
5129	1	1.0
5130	1	1.0
5131	1	1.0
5132	1	1.0
5133	1	1.0
5134	1	1.0
5135	1	1.0
5136	1	1.0
5137	1	1.0
5138	11	1
5139	1	1.0
5140	14	1
5141	1	1.0
5142	1	1.0
5143	6	1
5144	1	1.0
5145	1	1.0
5146	1	1.0
5147	14	1
5148	1	1.0
5149	1	1.0
5150	13	1
5151	2	1
5152	1	1.0
5153	1	1.0
5154	36	1
5155	13	1
5156	1	1.0
5157	1	1.0
5158	1	1.0
5159	1	1.0
5160	0	1
5161	1	1.0
5162	1	1.0
5163	1	1.0
5164	1	1.0
5165	12	1
5166	3	1
5167	1	1.0
5168	1	1.0
5169	1	1.0
5170	1	1.0
5171	64	1
5171	71	1
5172	25	1
5173	1	1.0
5174	1	1.0
5175	8	1
5176	1	1.0
5177	1	1.0
5178	1	1.0
5179	1	1.0
5180	1	1.0
5181	1	1.0
5182	1	1.0
5183	1	1.0
5184	12	1
5185	1	1.0
5186	1	1.0
5187	3	1
5188	1	1.0
5189	12	1
5190	1	1.0
5191	1	1.0
5192	1	1.0
5193	1	1.0
5194	11	1
5195	1	1.0
5196	0	1
5197	1	1.0
5198	1	1.0
5199	1	1.0
5200	16	1
5201	13	1
5202	1	1.0
5203	1	1.0
5204	26	1
5204	47	1
5205	70	1
5206	1	1.0
5207	26	1
5208	1	1.0
5209	1	1.0
5210	1	1.0
5211	1	1.0
5212	1	1.0
5213	42	1
5214	1	1.0
5215	7	1
5216	1	1.0
5217	1	1.0
5218	0	1
5219	1	1.0
5220	1	1.0
5221	1	1.0
5222	1	1.0
5223	1	1.0
5224	10	1
5225	1	1.0
5226	1	1.0
5227	1	1.0
5228	1	1.0
5229	1	1.0
5230	7	1
5231	1	1.0
5232	14	1
5233	1	1.0
5234	1	1.0
5235	8	1
5236	1	1.0
5237	1	1.0
5238	1	1.0
5239	1	1.0
5240	1	1.0
5241	13	1
5242	1	1.0
5243	1	1.0
5244	1	1.0
5245	1	1.0
5246	14	1
5247	1	1.0
5248	1	1.0
5249	1	1.0
5250	6	1
5251	12	1
5252	1	1.0
5253	1	1.0
5254	1	1.0
5255	1	1.0
5256	11	1
5257	1	1.0
5258	13	1
5259	1	1.0
5260	1	1.0
5261	1	1.0
5262	1	1.0
5263	1	1.0
5264	1	1.0
5265	4	1
5266	1	1.0
5267	1	1.0
5268	1	1.0
5269	1	1.0
5270	1	1.0
5271	52	1
5272	1	1.0
5273	49	1
5274	12	1
5275	27	1
5276	1	1.0
5277	1	1.0
5278	1	1.0
5279	1	1.0
5280	1	1.0
5281	1	1.0
5282	1	1.0
5283	17	1
5284	1	1.0
5285	1	1.0
5286	1	1.0
5287	17	1
5288	2	1
5289	1	1.0
5290	79	1
5291	1	1.0
5292	1	1.0
5293	1	1.0
5294	79	1
5295	1	1.0
5296	1	1.0
5297	14	1
5298	1	1.0
5299	1	1.0
5300	1	1.0
5301	1	1.0
5302	1	1.0
5303	11	1
5304	1	1.0
5305	5	1
5306	1	1.0
5307	1	1.0
5308	1	1.0
5309	1	1.0
5310	1	1.0
5311	0	1
5312	1	1.0
5313	1	1.0
5314	1	1.0
5315	1	1.0
5316	1	1.0
5317	1	1.0
5318	30	1
5319	13	1
5320	26	1
5320	13	1
5321	26	1
5322	1	1.0
5323	1	1.0
5324	1	1.0
5325	5	1
5326	1	1.0
5327	1	1.0
5328	1	1.0
5329	2	1
5330	1	1.0
5331	27	1
5332	1	1.0
5333	1	1.0
5334	13	1
5335	1	1.0
5336	13	1
5337	1	1.0
5338	1	1.0
5339	89	1
5340	3	1
5341	1	1.0
5342	1	1.0
5343	8	1
5344	1	1.0
5345	1	1.0
5346	1	1.0
5347	1	1.0
5348	13	1
5349	1	1.0
5350	1	1.0
5351	4	1
5352	1	1.0
5353	1	1.0
5354	1	1.0
5355	7	1
5356	1	1.0
5357	13	1
5358	1	1.0
5359	1	1.0
5360	59	1
5361	13	1
5362	1	1.0
5363	1	1.0
5364	1	1.0
5365	5	1
5366	12	1
5367	1	1.0
5368	1	1.0
5369	1	1.0
5370	1	1.0
5371	5	1
5372	5	1
5373	1	1.0
5374	1	1.0
5375	1	1.0
5376	1	1.0
5377	2	1
5378	1	1.0
5379	1	1.0
5380	1	1.0
5381	1	1.0
5382	10	1
5383	1	1.0
5384	10	1
5385	10	1
5386	1	1.0
5387	1	1.0
5388	7	1
5389	1	1.0
5390	1	1.0
5391	1	1.0
5392	1	1.0
5393	1	1.0
5394	1	1.0
5395	14	1
5396	1	1.0
5397	1	1.0
5398	36	1
5399	1	1.0
5400	1	1.0
5401	1	1.0
5402	1	1.0
5403	13	1
5404	36	1
5405	1	1.0
5406	12	1
5407	8	1
5408	1	1.0
5409	1	1.0
5410	1	1.0
5411	1	1.0
5412	11	1
5413	1	1.0
5414	1	1.0
5415	1	1.0
5416	1	1.0
5417	1	1.0
5418	2	1
5419	1	1.0
5420	1	1.0
5421	1	1.0
5422	2	1
5423	1	1.0
5424	41	1
5425	1	1.0
5426	1	1.0
5427	41	1
5428	1	1.0
5429	1	1.0
5430	1	1.0
5431	0	1
5432	27	1
5433	1	1.0
5434	1	1.0
5435	27	1
5436	1	1.0
5437	1	1.0
5438	1	1.0
5439	1	1.0
5440	2	1
5441	1	1.0
5442	22	1
5443	0	1
5444	1	1.0
5445	1	1.0
5446	1	1.0
5447	1	1.0
5448	11	1
5449	1	1.0
5450	50	1
5451	90	1
5452	1	1.0
5453	1	1.0
5454	8	1
5455	4	1
5456	1	1.0
5457	1	1.0
5458	1	1.0
5459	1	1.0
5460	1	1.0
5461	1	1.0
5462	1	1.0
5463	87	1
5464	1	1.0
5465	12	1
5466	1	1.0
5467	1	1.0
5468	41	1
5469	1	1.0
5470	1	1.0
5471	1	1.0
5472	0	1
5473	1	1.0
5474	1	1.0
5475	1	1.0
5476	1	1.0
5477	13	1
5478	1	1.0
5479	1	1.0
5480	1	1.0
5481	1	1.0
5482	2	1
5483	1	1.0
5484	1	1.0
5485	2	1
5486	1	1.0
5487	1	1.0
5488	19	1
5489	1	1.0
5490	9	1
5491	17	1
5492	12	1
5493	1	1.0
5494	1	1.0
5495	1	1.0
5496	1	1.0
5497	12	1
5498	1	1.0
5499	1	1.0
5500	1	1.0
5501	1	1.0
5502	1	1.0
5503	87	1
5504	12	1
5505	1	1.0
5506	1	1.0
5507	1	1.0
5508	1	1.0
5509	1	1.0
5510	1	1.0
5511	13	1
5512	1	1.0
5513	1	1.0
5514	1	1.0
5515	1	1.0
5516	1	1.0
5517	1	1.0
5518	1	1.0
5519	1	1.0
5520	1	1.0
5521	1	1.0
5522	1	1.0
5523	1	1.0
5524	1	1.0
5525	1	1.0
5526	17	1
5527	87	1
5528	1	1.0
5529	1	1.0
5530	1	1.0
5531	1	1.0
5532	1	1.0
5533	1	1.0
5534	1	1.0
5535	11	1
5536	1	1.0
5537	1	1.0
5538	0	1
5539	1	1.0
5540	1	1.0
5541	6	1
5542	1	1.0
5543	1	1.0
5544	1	1.0
5545	1	1.0
5546	1	1.0
5547	1	1.0
5548	34	1
5549	41	1
5550	1	1.0
5551	1	1.0
5552	8	1
5553	1	1.0
5554	1	1.0
5555	1	1.0
5556	1	1.0
5557	3	1
5558	1	1.0
5559	1	1.0
5560	1	1.0
5561	14	1
5562	12	1
5563	1	1.0
5564	1	1.0
5565	1	1.0
5566	1	1.0
5567	12	1
5568	4	1
5569	1	1.0
5570	1	1.0
5571	1	1.0
5572	1	1.0
5573	91	1
5574	1	1.0
5575	1	1.0
5576	1	1.0
5577	8	1
5578	1	1.0
5579	1	1.0
5580	1	1.0
5581	1	1.0
5582	59	1
5583	59	1
5584	68	1
5585	67	1
5586	22	1
5587	1	1.0
5588	14	1
5589	1	1.0
5590	1	1.0
5591	1	1.0
5592	1	1.0
5593	1	1.0
5594	2	1
5595	1	1.0
5596	1	1.0
5597	12	1
5598	1	1.0
5599	1	1.0
5600	1	1.0
5601	6	1
5602	1	1.0
5603	1	1.0
5604	1	1.0
5605	1	1.0
5606	9	1
5607	27	1
5608	13	1
5609	1	1.0
5610	1	1.0
5611	1	1.0
5612	1	1.0
5613	14	1
5614	13	1
5615	1	1.0
5616	1	1.0
5617	11	1
5618	1	1.0
5619	1	1.0
5620	1	1.0
5621	6	1
5622	21	1
5623	1	1.0
5624	1	1.0
5625	1	1.0
5626	3	1
5627	1	1.0
5628	1	1.0
5629	12	1
5630	1	1.0
5631	1	1.0
5632	1	1.0
5633	11	1
5634	1	1.0
5635	1	1.0
5636	1	1.0
5637	4	1
5638	1	1.0
5639	44	1
5640	44	1
5641	1	1.0
5642	44	1
5643	44	1
5644	1	1.0
5645	1	1.0
5646	1	1.0
5647	1	1.0
5648	44	1
5649	1	1.0
5650	1	1.0
5651	1	1.0
5652	1	1.0
5653	44	1
5654	1	1.0
5655	1	1.0
5656	1	1.0
5657	44	1
5658	1	1.0
5659	1	1.0
5660	1	1.0
5661	1	1.0
5662	1	1.0
5663	1	1.0
5664	1	1.0
5665	1	1.0
5666	1	1.0
5667	44	1
5668	1	1.0
5669	1	1.0
5670	1	1.0
5671	1	1.0
5672	5	1
5673	16	1
5674	1	1.0
5675	1	1.0
5676	11	1
5677	1	1.0
5678	75	1
5679	0	1
5680	1	1.0
5681	1	1.0
5682	1	1.0
5683	1	1.0
5684	1	1.0
5685	1	1.0
5686	1	1.0
5687	44	1
5688	1	1.0
5689	44	1
5689	21	1
5690	4	1
5691	1	1.0
5692	1	1.0
5693	1	1.0
5694	10	1
5694	13	1
5695	1	1.0
5696	1	1.0
5697	1	1.0
5698	10	1
5698	13	1
5699	1	1.0
5700	1	1.0
5701	14	1
5702	1	1.0
5703	1	1.0
5704	1	1.0
5705	16	1
5706	1	1.0
5707	1	1.0
5708	11	1
5709	1	1.0
5710	1	1.0
5711	1	1.0
5712	1	1.0
5713	1	1.0
5714	1	1.0
5715	1	1.0
5716	78	1
5717	1	1.0
5718	1	1.0
5719	1	1.0
5720	58	1
5721	78	1
5722	1	1.0
5723	7	1
5724	1	1.0
5725	2	1
5726	1	1.0
5727	1	1.0
5728	47	1
5729	47	1
5730	47	1
5731	1	1.0
5732	1	1.0
5733	9	1
5734	1	1.0
5735	1	1.0
5736	1	1.0
5737	8	1
5738	1	1.0
5739	1	1.0
5740	1	1.0
5741	7	1
5742	1	1.0
5743	41	1
5744	1	1.0
5745	1	1.0
5746	1	1.0
5747	1	1.0
5748	1	1.0
5749	1	1.0
5750	1	1.0
5751	41	1
5752	1	1.0
5753	1	1.0
5754	1	1.0
5755	1	1.0
5756	41	1
5757	17	1
5758	1	1.0
5759	1	1.0
5760	0	1
5761	1	1.0
5762	1	1.0
5763	1	1.0
5764	1	1.0
5765	1	1.0
5766	1	1.0
5767	1	1.0
5768	13	1
5769	1	1.0
5770	1	1.0
5771	1	1.0
5772	1	1.0
5773	32	1
5774	1	1.0
5775	1	1.0
5776	13	1
5777	4	1
5778	1	1.0
5779	1	1.0
5780	1	1.0
5781	1	1.0
5782	1	1.0
5783	14	1
5784	1	1.0
5785	4	1
5786	1	1.0
5787	1	1.0
5788	1	1.0
5789	11	1
5790	1	1.0
5791	1	1.0
5792	1	1.0
5793	1	1.0
5794	13	1
5795	13	1
5796	1	1.0
5797	13	1
5798	1	1.0
5799	1	1.0
5800	3	1
5801	4	1
5802	1	1.0
5803	1	1.0
5804	59	1
5805	1	1.0
5806	13	1
5807	1	1.0
5808	13	1
5808	47	1
5809	1	1.0
5810	1	1.0
5811	1	1.0
5812	1	1.0
5813	1	1.0
5814	1	1.0
5815	1	1.0
5816	15	1
5817	1	1.0
5818	1	1.0
5819	11	1
5820	1	1.0
5821	1	1.0
5822	1	1.0
5823	16	1
5824	16	1
5825	1	1.0
5826	1	1.0
5827	4	1
5828	1	1.0
5829	1	1.0
5830	1	1.0
5831	1	1.0
5832	1	1.0
5833	6	1
5834	1	1.0
5835	1	1.0
5836	1	1.0
5837	5	1
5838	1	1.0
5839	4	1
5840	13	1
5841	1	1.0
5842	1	1.0
5843	13	1
5844	1	1.0
5845	1	1.0
5846	5	1
5847	1	1.0
5848	1	1.0
5849	1	1.0
5850	1	1.0
5851	1	1.0
5852	5	1
5853	1	1.0
5854	1	1.0
5855	4	1
5856	1	1.0
5857	1	1.0
5858	16	1
5859	1	1.0
5860	3	1
5861	1	1.0
5862	1	1.0
5863	1	1.0
5864	6	1
5865	1	1.0
5866	13	1
5867	1	1.0
5868	13	1
5869	1	1.0
5870	13	1
5871	30	1
5872	1	1.0
5873	26	1
5874	26	1
5875	1	1.0
5876	30	1
5877	1	1.0
5878	14	1
5879	1	1.0
5880	1	1.0
5881	1	1.0
5882	1	1.0
5883	1	1.0
5884	14	1
5885	32	1
5886	1	1.0
5887	32	1
5888	1	1.0
5889	1	1.0
5890	1	1.0
5891	1	1.0
5892	1	1.0
5893	1	1.0
5894	12	1
5895	1	1.0
5896	1	1.0
5897	1	1.0
5898	3	1
5899	1	1.0
5900	7	1
5901	1	1.0
5902	1	1.0
5903	1	1.0
5904	16	1
5905	1	1.0
5906	14	1
5907	1	1.0
5908	1	1.0
5909	36	1
5910	1	1.0
5911	1	1.0
5912	4	1
5913	1	1.0
5914	1	1.0
5915	14	1
5916	1	1.0
5917	1	1.0
5918	1	1.0
5919	1	1.0
5920	1	1.0
5921	1	1.0
5922	1	1.0
5923	1	1.0
5924	26	1
5925	26	1
5926	1	1.0
5927	26	1
5928	1	1.0
5929	1	1.0
5930	1	1.0
5931	2	1
5932	1	1.0
5933	16	1
5934	1	1.0
5935	1	1.0
5936	1	1.0
5937	8	1
5938	1	1.0
5939	1	1.0
5940	5	1
5941	1	1.0
5942	5	1
5943	1	1.0
5944	1	1.0
5945	1	1.0
5946	11	1
5947	1	1.0
5948	1	1.0
5949	1	1.0
5950	1	1.0
5951	13	1
5952	1	1.0
5953	8	1
5954	1	1.0
5955	1	1.0
5956	1	1.0
5957	15	1
5958	13	1
5959	1	1.0
5960	1	1.0
5961	1	1.0
5962	1	1.0
5963	2	1
5964	4	1
5965	1	1.0
5966	1	1.0
5967	1	1.0
5968	1	1.0
5969	2	1
5970	1	1.0
5971	1	1.0
5972	1	1.0
5973	12	1
5974	1	1.0
5975	1	1.0
5976	1	1.0
5977	1	1.0
5978	1	1.0
5979	1	1.0
5980	1	1.0
5981	26	1
5982	1	1.0
5983	1	1.0
5984	3	1
5985	1	1.0
5986	1	1.0
5987	7	1
5988	1	1.0
5989	1	1.0
5990	1	1.0
5991	1	1.0
5992	1	1.0
5993	12	1
5994	1	1.0
5995	1	1.0
5996	1	1.0
5997	83	1
5998	1	1.0
5999	1	1.0
6000	1	1.0
6001	1	1.0
6002	1	1.0
6003	1	1.0
6004	1	1.0
6005	1	1.0
6006	67	1
6007	67	1
6008	1	1.0
6009	1	1.0
6010	1	1.0
6011	1	1.0
6012	1	1.0
6013	12	1
6014	1	1.0
6015	1	1.0
6016	1	1.0
6017	10	1
6018	1	1.0
6019	1	1.0
6020	1	1.0
6021	5	1
6022	1	1.0
6023	1	1.0
6024	1	1.0
6025	14	1
6026	1	1.0
6027	1	1.0
6028	1	1.0
6029	2	1
6030	1	1.0
6031	80	1
6032	13	1
6033	80	1
6034	80	1
6035	1	1.0
6036	1	1.0
6037	1	1.0
6038	6	1
6039	11	1
6040	1	1.0
6041	12	1
6042	1	1.0
6043	1	1.0
6044	1	1.0
6045	47	1
6046	1	1.0
6047	14	1
6048	1	1.0
6049	1	1.0
6050	1	1.0
6051	1	1.0
6052	1	1.0
6053	1	1.0
6054	1	1.0
6055	1	1.0
6056	1	1.0
6057	1	1.0
6058	1	1.0
6059	1	1.0
6060	1	1.0
6061	1	1.0
6062	44	1
6063	1	1.0
6064	1	1.0
6065	1	1.0
6066	1	1.0
6067	1	1.0
6068	1	1.0
6069	1	1.0
6070	1	1.0
6071	44	1
6072	1	1.0
6073	1	1.0
6074	1	1.0
6075	1	1.0
6076	1	1.0
6077	12	1
6078	12	1
6079	5	1
6080	1	1.0
6081	1	1.0
6082	1	1.0
6083	1	1.0
6084	7	1
6085	1	1.0
6086	1	1.0
6087	1	1.0
6088	1	1.0
6089	8	1
6090	1	1.0
6091	1	1.0
6092	0	1
6093	1	1.0
6094	1	1.0
6095	1	1.0
6096	1	1.0
6097	21	1
6098	1	1.0
6099	21	1
6100	1	1.0
6101	1	1.0
6102	1	1.0
6103	1	1.0
6104	1	1.0
6105	1	1.0
6106	1	1.0
6107	21	1
6108	1	1.0
6109	1	1.0
6110	1	1.0
6111	1	1.0
6112	1	1.0
6113	21	1
6114	21	1
6115	1	1.0
6116	1	1.0
6117	21	1
6118	1	1.0
6119	1	1.0
6120	1	1.0
6121	1	1.0
6122	1	1.0
6123	1	1.0
6124	1	1.0
6125	1	1.0
6126	1	1.0
6127	1	1.0
6128	11	1
6129	1	1.0
6130	13	1
6131	16	1
6132	16	1
6133	1	1.0
6134	1	1.0
6135	1	1.0
6136	1	1.0
6137	1	1.0
6138	1	1.0
6139	2	1
6140	1	1.0
6141	1	1.0
6142	14	1
6143	1	1.0
6144	1	1.0
6145	1	1.0
6146	1	1.0
6147	1	1.0
6148	11	1
6149	12	1
6150	1	1.0
6151	1	1.0
6152	1	1.0
6153	10	1
6154	1	1.0
6155	7	1
6156	1	1.0
6157	1	1.0
6158	12	1
6159	1	1.0
6160	1	1.0
6161	1	1.0
6162	1	1.0
6163	7	1
6164	1	1.0
6165	12	1
6166	1	1.0
6167	1	1.0
6168	1	1.0
6169	4	1
6170	1	1.0
6171	1	1.0
6172	1	1.0
6173	1	1.0
6174	1	1.0
6175	1	1.0
6176	1	1.0
6177	1	1.0
6178	92	1
6179	92	1
6180	1	1.0
6181	92	1
6182	1	1.0
6183	1	1.0
6184	1	1.0
6185	1	1.0
6186	11	1
6187	1	1.0
6188	1	1.0
6189	8	1
6190	1	1.0
6191	1	1.0
6192	1	1.0
6193	1	1.0
6194	1	1.0
6195	1	1.0
6196	1	1.0
6197	1	1.0
6198	27	1
6199	1	1.0
6200	1	1.0
6201	27	1
6202	1	1.0
6203	11	1
6204	1	1.0
6205	1	1.0
6206	1	1.0
6207	10	1
6208	1	1.0
6209	1	1.0
6210	10	1
6211	1	1.0
6212	3	1
6213	1	1.0
6214	1	1.0
6215	7	1
6216	1	1.0
6217	1	1.0
6218	1	1.0
6219	1	1.0
6220	10	1
6221	14	1
6222	1	1.0
6223	1	1.0
6224	1	1.0
6225	1	1.0
6226	11	1
6227	1	1.0
6228	1	1.0
6229	1	1.0
6230	10	1
6231	10	1
6232	1	1.0
6233	88	1
6234	1	1.0
6235	88	1
6236	1	1.0
6237	1	1.0
6238	88	1
6239	10	1
6240	1	1.0
6241	1	1.0
6242	1	1.0
6243	1	1.0
6244	88	1
6245	1	1.0
6246	1	1.0
6247	1	1.0
6248	1	1.0
6249	10	1
6250	1	1.0
6251	1	1.0
6252	1	1.0
6253	1	1.0
6254	10	1
6255	88	1
6256	1	1.0
6257	10	1
6258	10	1
6259	1	1.0
6260	10	1
6261	1	1.0
6262	1	1.0
6263	1	1.0
6264	1	1.0
6265	1	1.0
6266	10	1
6267	10	1
6268	88	1
6269	1	1.0
6270	10	1
6271	1	1.0
6272	1	1.0
6273	1	1.0
6274	1	1.0
6275	1	1.0
6276	1	1.0
6277	88	1
6278	1	1.0
6279	88	1
6280	10	1
6281	1	1.0
6282	88	1
6283	1	1.0
6284	1	1.0
6285	1	1.0
6286	1	1.0
6287	1	1.0
6288	1	1.0
6289	1	1.0
6290	32	1
6291	1	1.0
6292	1	1.0
6293	1	1.0
6294	26	1
6295	32	1
6296	1	1.0
6297	1	1.0
6298	1	1.0
6299	1	1.0
6300	1	1.0
6301	6	1
6302	1	1.0
6303	1	1.0
6304	1	1.0
6305	1	1.0
6306	1	1.0
6307	11	1
6308	1	1.0
6309	12	1
6310	1	1.0
6311	1	1.0
6312	1	1.0
6313	2	1
6314	1	1.0
6315	1	1.0
6316	6	1
6317	1	1.0
6318	12	1
6319	1	1.0
6320	1	1.0
6321	1	1.0
6322	7	1
6323	1	1.0
6324	16	1
6325	1	1.0
6326	13	1
6327	1	1.0
6328	1	1.0
6329	11	1
6330	1	1.0
6331	5	1
6332	1	1.0
6333	1	1.0
6334	1	1.0
6335	1	1.0
6336	13	1
6337	6	1
6338	1	1.0
6339	1	1.0
6340	1	1.0
6341	1	1.0
6342	8	1
6343	1	1.0
6344	5	1
6345	1	1.0
6346	1	1.0
6347	80	1
6348	1	1.0
6349	1	1.0
6350	1	1.0
6351	80	1
6352	1	1.0
6353	32	1
6354	1	1.0
6355	13	1
6356	1	1.0
6357	1	1.0
6358	1	1.0
6359	1	1.0
6360	1	1.0
6361	1	1.0
6362	6	1
6363	6	1
6364	1	1.0
6365	1	1.0
6366	1	1.0
6367	1	1.0
6368	1	1.0
6369	11	1
6370	1	1.0
6371	1	1.0
6372	1	1.0
6373	13	1
6374	1	1.0
6375	1	1.0
6376	1	1.0
6377	6	1
6378	1	1.0
6379	1	1.0
6380	4	1
6381	1	1.0
6382	12	1
6383	1	1.0
6384	1	1.0
6385	1	1.0
6386	1	1.0
6387	21	1
6388	1	1.0
6389	1	1.0
6390	12	1
6391	1	1.0
6392	1	1.0
6393	13	1
6394	1	1.0
6395	1	1.0
6396	1	1.0
6397	7	1
6398	1	1.0
6399	1	1.0
6400	1	1.0
6401	13	1
6401	30	1
6402	1	1.0
6403	13	1
6404	1	1.0
6405	1	1.0
6406	1	1.0
6407	1	1.0
6408	1	1.0
6409	1	1.0
6410	11	1
6411	1	1.0
6412	3	1
6413	1	1.0
6414	1	1.0
6415	1	1.0
6416	2	1
6417	1	1.0
6418	0	1
6419	1	1.0
6420	1	1.0
6421	1	1.0
6422	1	1.0
6423	1	1.0
6424	6	1
6425	1	1.0
6426	1	1.0
6427	1	1.0
6428	14	1
6429	1	1.0
6430	5	1
6431	1	1.0
6432	1	1.0
6433	1	1.0
6434	1	1.0
6435	1	1.0
6436	8	1
6437	1	1.0
6438	5	1
6439	1	1.0
6440	1	1.0
6441	1	1.0
6442	1	1.0
6443	3	1
6444	1	1.0
6445	1	1.0
6446	1	1.0
6447	11	1
6448	1	1.0
6449	1	1.0
6450	2	1
6451	1	1.0
6452	1	1.0
6453	1	1.0
6454	1	1.0
6455	1	1.0
6456	8	1
6457	6	1
6458	1	1.0
6459	1	1.0
6460	1	1.0
6461	3	1
6462	1	1.0
6463	1	1.0
6464	1	1.0
6465	1	1.0
6466	3	1
6467	1	1.0
6468	1	1.0
6469	7	1
6470	1	1.0
6471	1	1.0
6472	1	1.0
6473	2	1
6474	1	1.0
6475	1	1.0
6476	1	1.0
6477	1	1.0
6478	1	1.0
6479	5	1
6480	1	1.0
6481	1	1.0
6482	1	1.0
6483	1	1.0
6484	1	1.0
6485	1	1.0
6486	1	1.0
6487	8	1
6488	1	1.0
6489	1	1.0
6490	1	1.0
6491	1	1.0
6492	0	1
6493	1	1.0
6494	1	1.0
6495	1	1.0
6496	4	1
6497	2	1
6498	1	1.0
6499	1	1.0
6500	1	1.0
6501	1	1.0
6502	1	1.0
6503	1	1.0
6504	14	1
6505	1	1.0
6506	1	1.0
6507	1	1.0
6508	11	1
6509	1	1.0
6510	1	1.0
6511	5	1
6512	1	1.0
6513	1	1.0
6514	1	1.0
6515	7	1
6516	1	1.0
6517	1	1.0
6518	0	1
6519	1	1.0
6520	1	1.0
6521	1	1.0
6522	1	1.0
6523	4	1
6524	1	1.0
6525	1	1.0
6526	1	1.0
6527	1	1.0
6528	1	1.0
6529	8	1
6530	6	1
6531	1	1.0
6532	1	1.0
6533	1	1.0
6534	2	1
6535	1	1.0
6536	1	1.0
6537	1	1.0
6538	1	1.0
6539	3	1
6540	1	1.0
6541	1	1.0
6542	11	1
6543	1	1.0
6544	1	1.0
6545	7	1
6546	1	1.0
6547	1	1.0
6548	1	1.0
6549	1	1.0
6550	5	1
6551	1	1.0
6552	4	1
6553	1	1.0
6554	1	1.0
6555	1	1.0
6556	7	1
6557	1	1.0
6558	1	1.0
6559	1	1.0
6560	1	1.0
6561	5	1
6562	1	1.0
6563	1	1.0
6564	1	1.0
6565	2	1
6566	1	1.0
6567	1	1.0
6568	1	1.0
6569	1	1.0
6570	1	1.0
6571	1	1.0
6572	5	1
6573	1	1.0
6574	1	1.0
6575	1	1.0
6576	1	1.0
6577	1	1.0
6578	1	1.0
6579	5	1
