0	0	1
0	1	1
0	2	1
1	3	1
1	4	1
2	0	1
2	1	1
2	2	1
3	4	1
3	5	1
4	2	1
4	6	1
5	8	1
5	7	1
6	9	1
7	0	1
7	2	1
7	6	1
8	10	1
8	4	1
8	5	1
9	11	1
10	10	1
10	4	1
10	5	1
11	2	1
11	12	1
12	13	1
13	13	1
14	4	1
14	5	1
14	14	1
14	15	1
15	16	1
15	3	1
15	4	1
16	17	1
16	2	1
17	17	1
17	2	1
18	17	1
18	18	1
18	2	1
19	0	1
19	18	1
19	19	1
19	20	1
19	2	1
20	21	1
20	22	1
21	23	1
22	24	1
23	3	1
23	4	1
23	5	1
24	4	1
24	5	1
25	2	1
26	4	1
26	5	1
27	4	1
27	15	1
28	2	1
29	0	1
29	25	1
29	2	1
29	19	1
29	12	1
30	0	1
30	25	1
30	2	1
30	19	1
30	12	1
31	26	1
31	2	1
32	3	1
32	4	1
33	13	1
34	16	1
34	4	1
34	5	1
35	27	1
35	4	1
36	2	1
36	6	1
37	28	1
37	4	1
37	5	1
37	29	1
38	9	1
38	30	1
38	31	1
39	2	1
39	6	1
40	0	1
40	2	1
40	28	1
40	29	1
41	0	1
41	2	1
41	19	1
41	12	1
42	32	1
42	22	1
43	4	1
44	13	1
45	33	1
45	4	1
46	2	1
46	3	1
46	4	1
47	0	1
47	25	1
47	2	1
48	0	1
48	25	1
48	2	1
49	4	1
49	5	1
50	4	1
50	5	1
51	2	1
51	20	1
52	4	1
52	5	1
53	3	1
53	4	1
54	2	1
54	20	1
55	9	1
55	34	1
56	4	1
56	5	1
57	17	1
57	2	1
58	13	1
59	17	1
59	2	1
60	13	1
61	3	1
61	4	1
62	2	1
62	20	1
63	13	1
64	9	1
64	35	1
65	0	1
65	25	1
65	2	1
65	12	1
66	4	1
66	5	1
66	14	1
67	0	1
67	2	1
67	36	1
68	0	1
68	2	1
69	4	1
69	5	1
70	23	1
71	37	1
72	16	1
72	4	1
72	22	1
72	15	1
73	0	1
73	25	1
73	2	1
73	19	1
73	12	1
74	4	1
74	5	1
75	32	1
75	22	1
76	4	1
76	5	1
77	13	1
78	4	1
79	25	1
79	2	1
79	12	1
80	38	1
81	4	1
81	5	1
82	8	1
82	7	1
83	0	1
83	2	1
83	6	1
84	39	1
85	4	1
86	38	1
87	17	1
87	2	1
88	2	1
89	32	1
89	10	1
89	4	1
89	5	1
89	22	1
90	33	1
90	4	1
91	0	1
91	17	1
91	2	1
92	3	1
92	4	1
93	2	1
94	40	1
94	41	1
94	22	1
95	2	1
96	40	1
96	41	1
97	0	1
97	18	1
97	19	1
97	20	1
97	2	1
98	9	1
99	9	1
99	31	1
100	9	1
101	4	1
101	5	1
102	9	1
102	35	1
103	13	1
104	4	1
104	5	1
105	2	1
105	12	1
106	3	1
106	4	1
107	13	1
108	4	1
108	5	1
108	14	1
109	33	1
109	4	1
110	17	1
110	2	1
111	17	1
111	2	1
112	17	1
112	2	1
113	17	1
113	2	1
113	20	1
114	0	1
114	2	1
114	20	1
115	39	1
116	13	1
117	13	1
118	4	1
119	38	1
120	2	1
121	4	1
122	42	1
122	43	1
122	4	1
123	16	1
123	28	1
123	3	1
123	4	1
123	29	1
124	4	1
124	5	1
125	16	1
125	28	1
125	3	1
125	4	1
125	29	1
126	28	1
126	4	1
126	29	1
126	15	1
127	0	1
127	2	1
127	19	1
128	44	1
128	45	1
129	4	1
129	5	1
130	13	1
131	17	1
131	2	1
131	12	1
132	0	1
132	25	1
132	2	1
132	12	1
133	0	1
133	2	1
133	12	1
133	17	1
133	18	1
133	20	1
133	25	1
134	4	1
134	5	1
135	8	1
135	7	1
136	2	1
136	6	1
137	9	1
138	4	1
139	40	1
139	41	1
139	22	1
140	4	1
140	5	1
141	2	1
142	3	1
142	4	1
143	4	1
143	5	1
144	3	1
144	4	1
145	17	1
145	2	1
146	3	1
146	4	1
147	16	1
147	3	1
147	4	1
148	0	1
148	2	1
149	0	1
149	17	1
149	2	1
150	2	1
151	33	1
151	4	1
152	39	1
153	13	1
154	3	1
154	4	1
155	32	1
155	4	1
155	5	1
155	22	1
156	22	1
157	2	1
158	45	1
158	46	1
159	47	1
160	4	1
160	5	1
161	13	1
162	4	1
162	5	1
163	13	1
164	2	1
164	12	1
165	13	1
166	33	1
166	4	1
167	2	1
168	3	1
168	4	1
169	2	1
170	4	1
171	22	1
172	42	1
172	43	1
172	4	1
173	9	1
173	30	1
174	2	1
175	0	1
175	2	1
176	4	1
176	5	1
177	45	1
177	13	1
178	3	1
178	4	1
179	16	1
179	3	1
179	4	1
180	16	1
180	28	1
180	3	1
180	4	1
180	29	1
181	0	1
181	2	1
181	12	1
181	18	1
181	19	1
181	20	1
182	23	1
183	4	1
183	5	1
184	48	1
184	49	1
185	17	1
185	2	1
186	0	1
186	17	1
186	2	1
187	9	1
187	31	1
188	9	1
188	30	1
188	31	1
189	4	1
189	5	1
190	0	1
190	18	1
190	19	1
190	20	1
190	2	1
191	13	1
192	4	1
192	5	1
193	17	1
193	2	1
193	20	1
194	17	1
194	2	1
194	20	1
195	0	1
195	2	1
195	12	1
195	17	1
195	20	1
195	25	1
196	4	1
196	5	1
197	0	1
197	25	1
197	2	1
197	12	1
198	3	1
198	4	1
199	50	1
199	51	1
200	50	1
200	51	1
201	0	1
201	18	1
201	19	1
201	20	1
201	2	1
202	50	1
202	51	1
202	22	1
203	50	1
203	51	1
204	50	1
204	51	1
205	40	1
205	41	1
205	50	1
205	51	1
206	0	1
206	1	1
206	2	1
206	12	1
207	9	1
207	52	1
208	4	1
208	5	1
209	0	1
209	1	1
209	2	1
210	33	1
210	4	1
211	2	1
212	32	1
212	22	1
213	13	1
214	13	1
215	0	1
215	2	1
216	2	1
217	32	1
217	22	1
218	16	1
218	28	1
218	3	1
218	4	1
218	29	1
219	13	1
220	32	1
220	22	1
220	53	1
220	54	1
221	47	1
222	16	1
222	3	1
222	4	1
223	2	1
224	13	1
225	4	1
226	4	1
226	5	1
227	10	1
227	4	1
228	13	1
229	40	1
229	41	1
230	4	1
230	5	1
231	2	1
232	2	1
233	4	1
233	5	1
234	32	1
234	22	1
234	53	1
234	54	1
235	9	1
236	45	1
236	55	1
237	9	1
237	35	1
238	0	1
238	2	1
238	12	1
239	56	1
240	3	1
240	4	1
241	57	1
242	4	1
242	5	1
243	0	1
243	25	1
243	2	1
244	13	1
245	28	1
245	29	1
246	4	1
246	5	1
247	4	1
247	5	1
248	13	1
249	39	1
250	13	1
251	3	1
251	4	1
252	39	1
252	23	1
253	2	1
254	32	1
254	22	1
255	2	1
256	4	1
257	32	1
257	22	1
258	4	1
258	5	1
259	4	1
259	15	1
260	0	1
260	36	1
260	2	1
260	20	1
261	4	1
261	5	1
261	14	1
261	15	1
262	45	1
262	13	1
263	33	1
263	4	1
264	33	1
264	4	1
265	4	1
265	5	1
266	4	1
267	26	1
267	2	1
268	13	1
269	4	1
269	5	1
270	16	1
270	4	1
270	22	1
270	15	1
271	4	1
271	5	1
272	2	1
272	19	1
273	4	1
273	5	1
274	22	1
275	13	1
276	56	1
277	2	1
277	12	1
278	0	1
278	2	1
279	32	1
279	22	1
280	13	1
281	0	1
281	58	1
281	19	1
281	12	1
281	2	1
282	32	1
282	22	1
283	59	1
284	23	1
285	0	1
285	58	1
285	19	1
285	2	1
286	0	1
286	25	1
286	2	1
286	12	1
287	4	1
287	5	1
288	8	1
288	7	1
289	2	1
289	6	1
290	9	1
291	4	1
291	5	1
292	54	1
292	22	1
293	0	1
293	17	1
293	18	1
293	2	1
294	3	1
294	4	1
295	3	1
295	4	1
296	4	1
296	15	1
297	25	1
297	2	1
297	12	1
298	37	1
299	13	1
300	0	1
300	25	1
300	2	1
300	12	1
301	2	1
301	12	1
301	13	1
302	4	1
302	5	1
303	0	1
303	25	1
303	2	1
303	12	1
304	45	1
304	13	1
305	9	1
306	3	1
306	4	1
307	2	1
307	20	1
308	2	1
308	20	1
309	32	1
309	10	1
309	4	1
309	5	1
309	22	1
310	10	1
310	4	1
310	5	1
311	0	1
311	25	1
311	2	1
312	4	1
313	4	1
313	5	1
314	4	1
314	5	1
315	4	1
315	5	1
316	4	1
317	42	1
317	43	1
317	4	1
318	2	1
318	20	1
319	13	1
320	54	1
320	22	1
321	13	1
322	33	1
322	4	1
323	33	1
323	4	1
324	2	1
325	4	1
326	4	1
326	5	1
326	14	1
326	15	1
327	0	1
327	2	1
327	12	1
327	18	1
327	19	1
327	20	1
328	2	1
329	4	1
329	5	1
330	0	1
330	25	1
330	2	1
330	19	1
330	12	1
331	2	1
332	0	1
332	25	1
332	2	1
332	19	1
332	12	1
333	2	1
334	4	1
334	5	1
335	2	1
336	0	1
336	2	1
336	12	1
337	56	1
338	4	1
338	5	1
338	14	1
339	13	1
340	0	1
340	2	1
341	48	1
341	49	1
342	4	1
342	5	1
343	32	1
343	2	1
343	12	1
343	53	1
343	22	1
343	60	1
344	0	1
344	32	1
344	2	1
344	53	1
344	22	1
345	21	1
345	22	1
346	0	1
346	32	1
346	2	1
346	53	1
346	22	1
347	25	1
347	2	1
347	12	1
348	0	1
348	25	1
348	2	1
349	61	1
349	62	1
350	3	1
350	4	1
351	4	1
351	5	1
352	0	1
352	25	1
352	2	1
352	12	1
353	57	1
354	2	1
354	6	1
355	16	1
355	28	1
355	3	1
355	4	1
355	29	1
356	16	1
356	28	1
356	3	1
356	4	1
356	29	1
357	4	1
357	5	1
358	64	1
358	65	1
358	63	1
359	33	1
359	66	1
359	4	1
360	0	1
360	2	1
361	37	1
362	4	1
362	5	1
363	2	1
363	19	1
363	12	1
364	2	1
364	67	1
364	6	1
365	21	1
365	22	1
366	4	1
366	5	1
367	4	1
367	68	1
367	33	1
368	13	1
369	4	1
369	5	1
370	3	1
370	4	1
371	42	1
371	43	1
371	4	1
372	13	1
373	4	1
373	5	1
374	50	1
374	51	1
374	22	1
375	13	1
376	13	1
377	2	1
378	33	1
378	4	1
379	22	1
380	0	1
380	1	1
380	2	1
380	12	1
381	4	1
382	4	1
382	5	1
383	1	1
383	2	1
384	13	1
385	13	1
386	4	1
386	5	1
387	69	1
387	22	1
388	70	1
389	2	1
389	6	1
390	18	1
390	2	1
391	28	1
391	3	1
391	4	1
391	29	1
392	56	1
393	42	1
393	43	1
393	4	1
394	9	1
394	31	1
395	13	1
396	2	1
396	20	1
397	16	1
397	28	1
397	3	1
397	4	1
397	29	1
398	2	1
398	20	1
399	28	1
399	29	1
400	4	1
400	5	1
401	28	1
401	4	1
401	5	1
401	29	1
402	8	1
402	7	1
403	0	1
403	2	1
404	2	1
404	6	1
405	4	1
405	5	1
406	2	1
406	6	1
407	39	1
408	2	1
409	56	1
410	32	1
410	10	1
410	4	1
410	5	1
410	22	1
411	33	1
411	4	1
412	0	1
412	18	1
412	19	1
412	20	1
412	2	1
413	4	1
413	5	1
414	13	1
415	18	1
415	20	1
415	2	1
416	13	1
417	4	1
417	22	1
418	2	1
419	4	1
420	0	1
420	17	1
420	2	1
421	9	1
422	0	1
422	17	1
422	2	1
423	4	1
423	5	1
424	13	1
425	0	1
425	25	1
425	2	1
426	45	1
427	42	1
427	43	1
427	4	1
428	0	1
428	17	1
428	18	1
428	20	1
428	2	1
429	18	1
429	20	1
429	2	1
430	32	1
430	22	1
431	0	1
431	2	1
431	20	1
432	2	1
432	20	1
433	11	1
434	13	1
435	4	1
435	5	1
436	0	1
436	2	1
436	20	1
437	13	1
438	48	1
438	49	1
438	23	1
439	8	1
439	7	1
440	2	1
440	6	1
441	9	1
442	25	1
442	2	1
442	12	1
443	0	1
443	2	1
443	6	1
444	0	1
444	2	1
444	6	1
445	4	1
445	5	1
446	9	1
446	35	1
447	2	1
447	19	1
447	20	1
448	13	1
449	3	1
449	4	1
450	4	1
450	5	1
451	32	1
451	10	1
451	4	1
451	5	1
451	22	1
452	2	1
453	3	1
453	4	1
454	9	1
454	30	1
454	31	1
455	4	1
455	5	1
456	0	1
456	2	1
456	19	1
456	6	1
457	2	1
457	19	1
457	12	1
457	6	1
458	0	1
458	2	1
458	6	1
459	0	1
459	18	1
459	19	1
459	20	1
459	2	1
460	32	1
460	21	1
460	22	1
461	2	1
461	19	1
461	6	1
462	3	1
462	4	1
463	2	1
463	19	1
463	6	1
464	50	1
464	51	1
465	3	1
465	4	1
466	4	1
466	5	1
467	37	1
468	27	1
468	4	1
469	71	1
470	50	1
470	51	1
471	0	1
471	2	1
472	2	1
473	4	1
473	5	1
473	14	1
473	15	1
474	0	1
474	2	1
474	12	1
474	18	1
474	19	1
474	20	1
475	0	1
475	2	1
476	4	1
476	5	1
477	9	1
477	22	1
478	32	1
478	22	1
479	22	1
480	3	1
480	4	1
481	4	1
481	5	1
482	72	1
482	73	1
482	11	1
483	39	1
484	2	1
485	32	1
485	4	1
485	5	1
485	22	1
486	4	1
486	5	1
487	17	1
487	2	1
487	20	1
488	17	1
488	2	1
488	20	1
489	3	1
489	4	1
490	0	1
490	36	1
490	2	1
490	12	1
491	56	1
492	0	1
492	2	1
493	4	1
493	5	1
494	50	1
494	51	1
495	0	1
495	18	1
495	20	1
495	2	1
496	3	1
496	4	1
497	64	1
497	61	1
497	62	1
497	63	1
498	32	1
498	10	1
498	4	1
498	5	1
498	22	1
499	4	1
500	0	1
500	25	1
500	2	1
500	12	1
501	0	1
501	18	1
501	2	1
502	54	1
502	22	1
503	42	1
503	43	1
503	4	1
504	16	1
504	28	1
504	3	1
504	4	1
504	29	1
505	74	1
505	22	1
506	0	1
506	18	1
506	2	1
507	2	1
507	20	1
508	0	1
508	19	1
508	2	1
508	67	1
508	6	1
509	4	1
509	5	1
510	13	1
511	4	1
511	15	1
512	0	1
512	2	1
512	20	1
513	9	1
513	30	1
514	4	1
514	5	1
515	9	1
515	35	1
516	4	1
517	32	1
517	75	1
517	45	1
517	22	1
518	4	1
518	5	1
519	32	1
519	75	1
519	45	1
519	22	1
520	4	1
520	5	1
521	2	1
522	0	1
522	2	1
522	12	1
523	4	1
523	5	1
523	14	1
524	4	1
525	13	1
526	3	1
526	4	1
527	13	1
528	40	1
528	41	1
529	42	1
529	43	1
529	4	1
530	2	1
531	2	1
531	20	1
532	4	1
533	32	1
533	10	1
533	4	1
533	5	1
533	22	1
534	3	1
534	4	1
535	25	1
535	2	1
535	19	1
535	12	1
536	13	1
537	0	1
537	25	1
537	2	1
537	19	1
537	12	1
538	0	1
538	2	1
539	2	1
539	6	1
540	4	1
540	5	1
541	0	1
541	58	1
541	12	1
541	2	1
542	4	1
542	5	1
543	8	1
543	7	1
544	18	1
544	20	1
544	2	1
545	3	1
545	4	1
546	2	1
547	76	1
548	4	1
548	5	1
549	17	1
549	18	1
549	20	1
549	2	1
550	4	1
550	5	1
551	0	1
551	18	1
551	19	1
551	20	1
551	2	1
552	17	1
552	18	1
552	20	1
552	2	1
553	3	1
553	4	1
554	27	1
554	4	1
555	17	1
555	2	1
555	20	1
556	10	1
556	4	1
557	4	1
557	5	1
558	50	1
558	51	1
559	3	1
559	4	1
560	13	1
561	40	1
561	41	1
562	2	1
562	20	1
563	33	1
563	4	1
564	17	1
564	2	1
564	19	1
564	20	1
565	56	1
566	17	1
566	2	1
566	19	1
566	20	1
567	2	1
568	0	1
568	2	1
568	12	1
568	18	1
568	19	1
568	20	1
569	17	1
569	2	1
569	20	1
569	12	1
570	62	1
570	23	1
571	4	1
571	5	1
572	33	1
572	66	1
572	4	1
573	33	1
573	66	1
573	4	1
574	0	1
574	2	1
575	3	1
575	4	1
576	2	1
577	4	1
577	15	1
578	2	1
579	4	1
579	5	1
580	50	1
580	51	1
581	4	1
582	2	1
583	2	1
584	72	1
584	73	1
584	11	1
585	18	1
585	20	1
585	2	1
586	2	1
587	2	1
588	17	1
588	2	1
588	20	1
589	40	1
589	41	1
590	17	1
590	2	1
591	40	1
591	41	1
592	3	1
592	4	1
593	4	1
594	0	1
594	25	1
594	2	1
594	12	1
595	2	1
596	4	1
597	32	1
597	4	1
597	5	1
597	22	1
598	4	1
599	45	1
599	46	1
600	0	1
600	25	1
600	2	1
600	19	1
600	12	1
601	4	1
601	15	1
602	2	1
602	19	1
603	61	1
604	39	1
605	2	1
605	19	1
606	0	1
606	2	1
606	12	1
606	18	1
606	19	1
606	20	1
607	4	1
607	5	1
608	0	1
608	18	1
608	19	1
608	20	1
608	2	1
609	71	1
610	0	1
610	2	1
610	20	1
611	4	1
611	5	1
611	14	1
611	15	1
612	4	1
612	5	1
613	0	1
613	25	1
613	2	1
614	4	1
614	5	1
615	33	1
615	66	1
615	4	1
616	33	1
616	66	1
616	4	1
617	0	1
617	2	1
618	4	1
618	5	1
619	1	1
619	2	1
620	2	1
620	6	1
621	2	1
621	19	1
621	21	1
621	22	1
622	0	1
622	18	1
622	19	1
622	20	1
622	2	1
623	4	1
623	5	1
624	0	1
624	2	1
625	4	1
625	5	1
626	11	1
627	17	1
627	2	1
627	20	1
628	17	1
628	2	1
628	20	1
629	3	1
629	4	1
630	3	1
630	4	1
631	4	1
632	4	1
632	5	1
633	18	1
633	20	1
633	2	1
634	3	1
634	4	1
635	4	1
636	4	1
636	5	1
637	42	1
637	43	1
637	4	1
638	48	1
638	49	1
639	12	1
639	2	1
639	20	1
640	0	1
640	2	1
641	0	1
641	2	1
642	16	1
642	3	1
642	4	1
643	2	1
643	12	1
643	17	1
643	18	1
643	20	1
643	25	1
644	45	1
644	13	1
645	13	1
646	0	1
646	2	1
646	20	1
647	9	1
647	35	1
648	3	1
648	4	1
649	3	1
649	4	1
650	0	1
650	2	1
650	20	1
651	3	1
651	4	1
652	4	1
652	15	1
653	0	1
653	25	1
653	2	1
653	19	1
653	12	1
654	4	1
654	5	1
655	0	1
655	25	1
655	2	1
655	19	1
655	12	1
656	0	1
656	2	1
657	77	1
657	78	1
658	0	1
658	18	1
658	19	1
658	20	1
658	2	1
659	4	1
659	5	1
660	40	1
660	41	1
661	2	1
661	6	1
662	69	1
662	22	1
663	4	1
663	5	1
663	14	1
664	9	1
664	31	1
665	3	1
665	4	1
666	0	1
666	2	1
667	0	1
667	2	1
667	19	1
667	12	1
668	4	1
668	5	1
669	2	1
670	13	1
671	17	1
671	2	1
671	20	1
672	39	1
673	40	1
673	41	1
674	42	1
674	43	1
674	4	1
675	4	1
675	5	1
676	2	1
677	0	1
677	2	1
677	20	1
678	2	1
678	20	1
679	32	1
679	10	1
679	4	1
679	5	1
679	22	1
680	13	1
681	4	1
681	5	1
682	17	1
682	2	1
682	20	1
683	23	1
684	17	1
684	2	1
684	20	1
685	13	1
686	17	1
686	2	1
686	20	1
687	0	1
687	2	1
687	19	1
687	20	1
688	13	1
689	9	1
689	30	1
689	31	1
690	4	1
690	5	1
691	32	1
691	4	1
691	5	1
691	22	1
692	4	1
692	5	1
693	13	1
694	4	1
694	5	1
695	0	1
695	12	1
695	2	1
695	20	1
696	13	1
697	9	1
698	0	1
698	2	1
698	12	1
698	19	1
698	25	1
698	58	1
699	13	1
700	80	1
700	79	1
701	4	1
701	5	1
702	0	1
702	2	1
702	12	1
703	16	1
703	28	1
703	3	1
703	4	1
703	29	1
704	0	1
704	25	1
704	2	1
704	19	1
704	12	1
705	4	1
705	5	1
706	4	1
706	5	1
707	4	1
707	5	1
708	0	1
708	25	1
708	2	1
708	19	1
708	12	1
709	25	1
709	2	1
709	12	1
710	13	1
711	40	1
711	41	1
712	4	1
712	5	1
713	17	1
713	2	1
714	2	1
714	6	1
715	54	1
715	22	1
716	2	1
716	6	1
717	2	1
717	6	1
718	2	1
718	19	1
718	6	1
719	17	1
719	2	1
720	2	1
720	22	1
720	21	1
720	6	1
721	0	1
721	2	1
721	20	1
722	61	1
723	2	1
724	4	1
724	5	1
724	14	1
725	0	1
725	17	1
725	18	1
725	20	1
725	2	1
726	3	1
726	4	1
727	2	1
727	6	1
728	21	1
728	22	1
729	2	1
729	6	1
730	3	1
730	4	1
731	2	1
731	6	1
732	2	1
732	67	1
732	6	1
733	81	1
734	45	1
734	55	1
735	4	1
735	5	1
736	32	1
736	4	1
736	5	1
736	22	1
737	2	1
738	72	1
738	73	1
738	11	1
739	2	1
739	20	1
740	3	1
740	4	1
740	14	1
741	4	1
741	5	1
742	2	1
743	61	1
743	62	1
744	4	1
744	5	1
744	13	1
745	0	1
745	18	1
745	19	1
745	20	1
745	2	1
746	0	1
746	2	1
746	20	1
747	4	1
747	5	1
747	15	1
748	28	1
748	3	1
748	4	1
748	29	1
749	0	1
749	58	1
749	19	1
749	2	1
750	4	1
750	5	1
751	0	1
751	2	1
752	3	1
752	4	1
753	2	1
753	19	1
753	12	1
754	4	1
754	5	1
755	13	1
756	25	1
756	2	1
756	19	1
756	12	1
757	64	1
757	63	1
758	11	1
759	13	1
760	33	1
760	66	1
760	4	1
761	33	1
761	66	1
761	4	1
762	0	1
762	58	1
762	19	1
762	12	1
762	2	1
763	4	1
763	5	1
764	16	1
764	3	1
764	4	1
765	4	1
765	5	1
766	17	1
766	2	1
767	50	1
767	51	1
768	4	1
769	33	1
769	4	1
770	4	1
770	5	1
771	45	1
772	0	1
772	2	1
772	12	1
773	3	1
773	4	1
774	13	1
775	45	1
775	13	1
776	2	1
777	40	1
777	41	1
778	27	1
778	4	1
779	10	1
779	4	1
779	5	1
780	3	1
780	4	1
781	17	1
781	2	1
781	20	1
782	10	1
782	4	1
782	5	1
783	2	1
784	2	1
785	4	1
785	15	1
786	32	1
786	82	1
786	2	1
786	22	1
787	83	1
787	84	1
788	4	1
788	5	1
789	4	1
789	15	1
790	0	1
790	2	1
791	45	1
791	13	1
792	85	1
792	78	1
793	2	1
793	20	1
794	13	1
795	4	1
795	5	1
796	4	1
796	5	1
797	61	1
798	32	1
798	4	1
798	5	1
798	22	1
799	9	1
800	45	1
800	46	1
801	32	1
801	4	1
801	5	1
801	22	1
802	25	1
802	2	1
802	19	1
802	12	1
803	2	1
803	12	1
804	0	1
804	2	1
805	50	1
805	51	1
806	13	1
807	2	1
807	19	1
807	12	1
808	0	1
808	2	1
808	6	1
808	12	1
808	19	1
808	58	1
809	25	1
809	2	1
809	12	1
810	72	1
810	86	1
811	25	1
811	2	1
811	12	1
812	65	1
813	2	1
813	19	1
813	12	1
814	4	1
814	5	1
815	13	1
816	4	1
816	5	1
817	36	1
817	2	1
817	20	1
818	28	1
818	22	1
818	87	1
819	4	1
820	3	1
820	4	1
821	50	1
821	51	1
822	4	1
822	5	1
823	1	1
823	2	1
824	4	1
824	5	1
824	14	1
825	4	1
825	5	1
826	25	1
826	2	1
826	12	1
827	37	1
828	25	1
828	2	1
828	12	1
829	13	1
830	2	1
831	2	1
831	19	1
831	12	1
831	6	1
832	69	1
832	22	1
833	4	1
834	0	1
834	2	1
834	19	1
834	6	1
835	4	1
835	5	1
836	22	1
837	2	1
837	6	1
838	4	1
838	22	1
839	17	1
839	2	1
839	20	1
840	2	1
841	2	1
842	2	1
843	25	1
843	2	1
843	12	1
844	2	1
845	2	1
846	17	1
846	2	1
846	20	1
847	3	1
847	4	1
848	0	1
848	2	1
848	20	1
849	17	1
849	2	1
849	20	1
849	12	1
850	2	1
851	4	1
852	2	1
853	33	1
853	4	1
854	13	1
855	4	1
855	5	1
856	0	1
856	25	1
856	2	1
856	20	1
857	0	1
857	2	1
857	20	1
858	0	1
858	2	1
858	19	1
858	12	1
859	17	1
859	2	1
860	2	1
860	19	1
860	12	1
860	6	1
861	0	1
861	2	1
861	19	1
861	12	1
862	13	1
863	3	1
863	4	1
864	0	1
864	2	1
864	12	1
864	18	1
864	19	1
864	20	1
865	0	1
865	2	1
865	19	1
865	12	1
866	2	1
866	19	1
866	12	1
867	13	1
868	0	1
868	18	1
868	20	1
868	2	1
869	3	1
869	4	1
870	13	1
871	2	1
872	33	1
872	4	1
873	17	1
873	2	1
874	9	1
874	31	1
875	4	1
875	5	1
876	13	1
877	4	1
878	4	1
878	5	1
879	25	1
879	2	1
879	12	1
879	22	1
880	70	1
881	39	1
882	0	1
882	25	1
882	2	1
883	32	1
883	22	1
884	4	1
884	5	1
884	14	1
885	25	1
885	2	1
885	12	1
885	22	1
886	25	1
886	2	1
886	19	1
886	12	1
887	16	1
887	28	1
887	3	1
887	4	1
887	29	1
888	0	1
888	2	1
888	12	1
888	19	1
888	25	1
888	58	1
889	4	1
889	5	1
890	13	1
891	13	1
892	0	1
892	25	1
892	2	1
892	19	1
892	12	1
893	0	1
893	25	1
893	2	1
893	19	1
893	12	1
894	17	1
894	2	1
895	4	1
895	5	1
896	13	1
897	56	1
898	13	1
899	40	1
899	41	1
900	9	1
900	30	1
900	31	1
901	18	1
901	2	1
902	40	1
902	41	1
903	4	1
903	53	1
903	15	1
904	16	1
904	28	1
904	3	1
904	4	1
904	29	1
905	4	1
906	4	1
906	5	1
907	3	1
907	4	1
908	0	1
908	25	1
908	2	1
909	0	1
909	18	1
909	19	1
909	20	1
909	2	1
910	4	1
910	5	1
911	0	1
911	25	1
911	2	1
911	12	1
912	10	1
912	4	1
913	13	1
914	13	1
915	32	1
915	22	1
916	13	1
917	2	1
917	19	1
917	20	1
918	8	1
918	7	1
919	13	1
920	16	1
920	28	1
920	3	1
920	4	1
920	29	1
921	4	1
921	5	1
922	9	1
923	88	1
923	42	1
923	4	1
924	2	1
924	12	1
924	6	1
925	39	1
926	72	1
926	73	1
926	11	1
927	3	1
927	4	1
928	2	1
928	6	1
929	32	1
929	22	1
930	32	1
930	21	1
930	22	1
931	4	1
931	5	1
932	0	1
932	2	1
933	3	1
933	4	1
934	4	1
935	2	1
936	4	1
936	5	1
937	42	1
937	43	1
937	4	1
938	22	1
939	4	1
939	5	1
939	14	1
940	3	1
940	4	1
941	3	1
941	4	1
942	17	1
942	2	1
942	19	1
942	20	1
943	4	1
944	0	1
944	1	1
944	2	1
945	4	1
945	5	1
946	13	1
947	4	1
947	5	1
948	13	1
949	32	1
949	82	1
949	2	1
949	22	1
950	33	1
950	4	1
951	3	1
951	4	1
952	0	1
952	2	1
953	21	1
953	22	1
954	3	1
954	4	1
955	2	1
956	21	1
956	22	1
957	4	1
958	0	1
958	58	1
958	12	1
958	2	1
959	2	1
959	19	1
960	4	1
960	5	1
961	2	1
961	19	1
962	0	1
962	2	1
962	19	1
962	12	1
963	4	1
963	5	1
964	4	1
964	15	1
965	25	1
965	2	1
965	19	1
965	12	1
966	32	1
966	22	1
967	32	1
967	10	1
967	4	1
967	5	1
967	22	1
968	0	1
968	2	1
968	19	1
969	0	1
969	25	1
969	2	1
969	12	1
970	23	1
971	45	1
971	13	1
972	2	1
973	2	1
974	13	1
975	3	1
975	4	1
976	10	1
976	4	1
977	9	1
978	3	1
978	4	1
979	4	1
979	5	1
980	3	1
980	4	1
981	3	1
981	4	1
982	2	1
983	3	1
983	4	1
984	0	1
984	12	1
984	2	1
984	19	1
984	20	1
985	16	1
985	28	1
985	3	1
985	4	1
985	29	1
986	0	1
986	12	1
986	2	1
986	19	1
986	20	1
987	2	1
988	13	1
989	0	1
989	12	1
989	2	1
989	19	1
989	20	1
990	0	1
990	25	1
990	2	1
990	19	1
990	12	1
991	2	1
992	17	1
992	2	1
992	20	1
993	2	1
994	2	1
995	17	1
995	2	1
995	20	1
996	2	1
997	4	1
997	5	1
998	0	1
998	2	1
998	67	1
998	6	1
999	17	1
999	2	1
1000	3	1
1000	4	1
1001	3	1
1001	4	1
1002	39	1
1003	2	1
1003	6	1
1004	21	1
1004	22	1
1005	0	1
1005	2	1
1005	28	1
1005	29	1
1006	9	1
1007	28	1
1007	4	1
1007	5	1
1007	29	1
1008	9	1
1008	31	1
1009	58	1
1009	12	1
1009	2	1
1010	4	1
1011	9	1
1011	31	1
1012	3	1
1012	4	1
1012	5	1
1013	4	1
1014	25	1
1014	2	1
1014	12	1
1015	0	1
1015	25	1
1015	2	1
1015	12	1
1016	4	1
1016	5	1
1017	47	1
1018	4	1
1018	5	1
1019	13	1
1020	0	1
1020	2	1
1020	36	1
1021	10	1
1021	4	1
1021	5	1
1022	3	1
1022	4	1
1023	0	1
1023	2	1
1024	4	1
1024	5	1
1025	4	1
1026	4	1
1026	5	1
1027	9	1
1028	0	1
1028	2	1
1029	17	1
1029	2	1
1030	0	1
1030	2	1
1031	4	1
1031	5	1
1032	2	1
1033	3	1
1033	4	1
1034	2	1
1035	4	1
1035	5	1
1036	3	1
1036	4	1
1037	4	1
1038	22	1
1039	4	1
1039	5	1
1040	2	1
1040	20	1
1041	25	1
1041	2	1
1041	12	1
1042	4	1
1042	5	1
1042	13	1
1043	0	1
1043	25	1
1043	2	1
1043	12	1
1044	64	1
1044	61	1
1044	62	1
1044	63	1
1045	32	1
1045	33	1
1045	66	1
1045	4	1
1045	22	1
1046	89	1
1046	45	1
1047	0	1
1047	25	1
1047	2	1
1047	12	1
1048	13	1
1049	22	1
1050	4	1
1050	5	1
1051	2	1
1052	13	1
1053	2	1
1053	20	1
1054	13	1
1055	9	1
1056	4	1
1057	42	1
1057	43	1
1057	4	1
1058	2	1
1059	65	1
1060	50	1
1060	51	1
1061	0	1
1061	2	1
1062	4	1
1062	5	1
1063	13	1
1064	45	1
1065	4	1
1065	5	1
1066	2	1
1066	20	1
1067	4	1
1067	15	1
1068	4	1
1068	5	1
1069	3	1
1069	4	1
1070	2	1
1070	6	1
1071	4	1
1071	5	1
1072	2	1
1073	40	1
1073	41	1
1074	4	1
1074	5	1
1075	70	1
1076	65	1
1077	13	1
1078	4	1
1078	5	1
1079	18	1
1079	20	1
1079	2	1
1080	0	1
1080	2	1
1080	19	1
1081	9	1
1081	34	1
1081	31	1
1082	2	1
1082	3	1
1082	4	1
1083	0	1
1083	2	1
1083	20	1
1084	0	1
1084	2	1
1084	20	1
1085	62	1
1085	23	1
1086	62	1
1086	23	1
1087	0	1
1087	25	1
1087	58	1
1087	2	1
1087	6	1
1088	45	1
1088	13	1
1089	39	1
1090	32	1
1090	10	1
1090	4	1
1090	5	1
1090	22	1
1091	42	1
1091	43	1
1091	4	1
1092	2	1
1093	2	1
1094	16	1
1094	28	1
1094	3	1
1094	4	1
1094	29	1
1095	4	1
1095	5	1
1095	14	1
1096	2	1
1097	17	1
1097	2	1
1098	57	1
1099	4	1
1099	5	1
1100	2	1
1101	3	1
1101	4	1
1102	40	1
1102	41	1
1102	50	1
1102	51	1
1103	38	1
1104	4	1
1104	5	1
1105	0	1
1105	1	1
1105	2	1
1106	4	1
1106	5	1
1107	45	1
1108	45	1
1108	13	1
1109	3	1
1109	4	1
1110	0	1
1110	25	1
1110	2	1
1110	12	1
1111	4	1
1111	5	1
1112	72	1
1112	73	1
1112	11	1
1113	4	1
1113	5	1
1114	2	1
1114	12	1
1114	13	1
1115	50	1
1115	51	1
1116	16	1
1116	3	1
1116	4	1
1117	36	1
1117	2	1
1117	20	1
1118	0	1
1118	2	1
1118	20	1
1119	3	1
1119	4	1
1120	3	1
1120	4	1
1121	4	1
1122	17	1
1122	2	1
1123	0	1
1123	18	1
1123	19	1
1123	20	1
1123	2	1
1124	16	1
1124	4	1
1124	5	1
1125	54	1
1125	22	1
1126	4	1
1126	5	1
1127	4	1
1127	15	1
1128	0	1
1128	25	1
1128	2	1
1128	19	1
1128	12	1
1129	28	1
1129	4	1
1129	5	1
1129	29	1
1130	44	1
1130	45	1
1131	2	1
1131	6	1
1132	9	1
1133	2	1
1133	6	1
1134	4	1
1134	5	1
1135	21	1
1135	22	1
1136	16	1
1136	3	1
1136	4	1
1137	21	1
1137	22	1
1138	4	1
1138	5	1
1139	2	1
1140	2	1
1141	0	1
1141	2	1
1141	12	1
1142	13	1
1143	0	1
1143	18	1
1143	19	1
1143	20	1
1143	2	1
1144	0	1
1144	2	1
1144	12	1
1145	0	1
1145	2	1
1145	12	1
1146	2	1
1146	12	1
1147	4	1
1147	5	1
1148	3	1
1148	4	1
1149	4	1
1149	5	1
1150	17	1
1150	2	1
1151	40	1
1151	41	1
1152	3	1
1152	4	1
1153	4	1
1153	5	1
1154	4	1
1154	5	1
1155	57	1
1156	4	1
1156	15	1
1157	0	1
1157	2	1
1158	0	1
1158	2	1
1159	40	1
1159	41	1
1160	0	1
1160	2	1
1161	9	1
1161	30	1
1161	31	1
1162	4	1
1162	5	1
1163	13	1
1164	4	1
1165	22	1
1166	22	1
1167	0	1
1167	18	1
1167	19	1
1167	20	1
1167	2	1
1168	4	1
1168	5	1
1169	3	1
1169	4	1
1170	71	1
1171	2	1
1172	22	1
1173	2	1
1173	6	1
1174	10	1
1174	4	1
1174	5	1
1175	21	1
1175	22	1
1176	32	1
1176	21	1
1176	22	1
1177	9	1
1177	34	1
1178	4	1
1178	5	1
1179	21	1
1179	22	1
1180	11	1
1181	17	1
1181	2	1
1181	20	1
1181	12	1
1182	2	1
1183	33	1
1183	4	1
1184	4	1
1185	2	1
1186	50	1
1186	51	1
1187	0	1
1187	2	1
1188	50	1
1188	51	1
1189	40	1
1189	41	1
1190	4	1
1190	5	1
1191	26	1
1191	2	1
1192	26	1
1192	2	1
1193	0	1
1193	2	1
1194	4	1
1195	0	1
1195	2	1
1196	40	1
1196	41	1
1197	4	1
1197	15	1
1198	0	1
1198	2	1
1199	9	1
1199	30	1
1199	31	1
1200	57	1
1201	4	1
1201	5	1
1202	13	1
1203	13	1
1204	4	1
1204	5	1
1205	16	1
1205	28	1
1205	3	1
1205	4	1
1205	29	1
1206	1	1
1206	2	1
1207	3	1
1207	4	1
1208	3	1
1208	4	1
1209	4	1
1209	5	1
1210	4	1
1210	5	1
1211	9	1
1211	34	1
1211	31	1
1212	2	1
1212	20	1
1213	13	1
1214	9	1
1214	30	1
1214	31	1
1215	4	1
1215	5	1
1216	2	1
1217	22	1
1218	22	1
1219	0	1
1219	2	1
1220	13	1
1221	0	1
1221	25	1
1221	2	1
1221	19	1
1221	12	1
1222	25	1
1222	2	1
1222	19	1
1222	12	1
1223	4	1
1223	15	1
1224	4	1
1224	5	1
1225	4	1
1225	5	1
1226	25	1
1226	2	1
1226	12	1
1227	47	1
1228	2	1
1228	12	1
1229	2	1
1229	12	1
1230	13	1
1231	56	1
1232	4	1
1232	5	1
1233	0	1
1233	2	1
1234	32	1
1234	10	1
1234	4	1
1234	5	1
1234	22	1
1235	21	1
1235	22	1
1236	0	1
1236	2	1
1236	12	1
1237	9	1
1237	31	1
1238	9	1
1239	64	1
1239	63	1
1239	62	1
1239	23	1
1240	33	1
1240	66	1
1240	4	1
1241	0	1
1241	25	1
1241	2	1
1241	12	1
1242	64	1
1242	63	1
1242	62	1
1242	23	1
1243	3	1
1243	4	1
1244	4	1
1244	5	1
1245	22	1
1246	4	1
1246	5	1
1247	0	1
1247	18	1
1247	19	1
1247	20	1
1247	2	1
1248	2	1
1248	20	1
1249	28	1
1249	22	1
1249	87	1
1250	40	1
1250	41	1
1251	22	1
1252	50	1
1252	51	1
1253	17	1
1253	2	1
1254	9	1
1254	31	1
1255	75	1
1255	45	1
1256	2	1
1257	17	1
1257	2	1
1258	0	1
1258	2	1
1259	13	1
1260	4	1
1260	5	1
1261	3	1
1261	4	1
1262	9	1
1262	31	1
1263	13	1
1264	0	1
1264	2	1
1265	2	1
1266	0	1
1266	17	1
1266	2	1
1267	17	1
1267	2	1
1268	4	1
1268	5	1
1269	3	1
1269	4	1
1270	9	1
1270	31	1
1271	17	1
1271	2	1
1272	4	1
1272	5	1
1273	22	1
1274	2	1
1275	42	1
1275	43	1
1275	4	1
1276	0	1
1276	58	1
1276	19	1
1276	2	1
1277	64	1
1277	63	1
1277	62	1
1277	23	1
1278	2	1
1279	33	1
1279	66	1
1279	4	1
1279	22	1
1280	4	1
1280	5	1
1281	0	1
1281	2	1
1282	4	1
1283	64	1
1283	63	1
1283	62	1
1283	23	1
1284	33	1
1284	66	1
1284	4	1
1284	22	1
1285	33	1
1285	66	1
1285	4	1
1286	33	1
1286	66	1
1286	4	1
1287	2	1
1287	12	1
1288	22	1
1288	54	1
1289	37	1
1290	2	1
1291	32	1
1291	10	1
1291	4	1
1291	5	1
1291	22	1
1292	0	1
1292	2	1
1292	12	1
1293	13	1
1294	21	1
1294	22	1
1295	69	1
1295	22	1
1296	0	1
1296	2	1
1296	19	1
1297	2	1
1298	28	1
1298	4	1
1298	5	1
1298	29	1
1299	2	1
1299	6	1
1300	17	1
1300	2	1
1301	2	1
1302	2	1
1303	4	1
1303	5	1
1304	3	1
1304	4	1
1305	2	1
1305	20	1
1306	4	1
1306	5	1
1307	13	1
1308	2	1
1308	6	1
1309	9	1
1310	9	1
1311	21	1
1311	22	1
1312	72	1
1312	73	1
1312	11	1
1313	4	1
1313	15	1
1314	4	1
1314	5	1
1315	2	1
1316	16	1
1316	3	1
1316	4	1
1317	4	1
1318	0	1
1318	2	1
1318	22	1
1319	3	1
1319	4	1
1319	5	1
1320	28	1
1320	29	1
1321	3	1
1321	4	1
1322	2	1
1322	20	1
1323	3	1
1323	4	1
1324	4	1
1324	5	1
1325	2	1
1326	4	1
1326	5	1
1327	4	1
1328	3	1
1328	4	1
1329	0	1
1329	2	1
1329	36	1
1330	4	1
1330	5	1
1331	50	1
1331	51	1
1331	22	1
1332	0	1
1332	2	1
1333	13	1
1334	50	1
1334	51	1
1335	50	1
1335	51	1
1336	0	1
1336	2	1
1337	50	1
1337	51	1
1337	22	1
1338	4	1
1338	5	1
1339	0	1
1339	2	1
1339	19	1
1339	20	1
1340	4	1
1340	5	1
1341	4	1
1341	5	1
1342	50	1
1342	51	1
1342	22	1
1343	0	1
1343	26	1
1343	2	1
1344	0	1
1344	26	1
1344	2	1
1345	2	1
1346	77	1
1346	78	1
1347	17	1
1347	18	1
1347	2	1
1348	33	1
1348	4	1
1349	2	1
1350	0	1
1350	18	1
1350	19	1
1350	20	1
1350	2	1
1351	4	1
1352	0	1
1352	2	1
1352	28	1
1352	22	1
1352	87	1
1353	3	1
1353	4	1
1354	9	1
1354	30	1
1355	4	1
1355	5	1
1356	13	1
1357	4	1
1357	15	1
1358	13	1
1359	0	1
1359	2	1
1359	20	1
1360	13	1
1361	2	1
1362	25	1
1362	2	1
1362	12	1
1363	88	1
1363	42	1
1363	4	1
1364	2	1
1365	4	1
1365	5	1
1366	37	1
1367	40	1
1367	41	1
1368	2	1
1369	13	1
1370	39	1
1371	56	1
1371	2	1
1372	4	1
1373	2	1
1373	19	1
1373	12	1
1374	0	1
1374	25	1
1374	2	1
1374	12	1
1375	13	1
1376	4	1
1376	15	1
1377	13	1
1378	4	1
1378	5	1
1379	10	1
1379	4	1
1380	0	1
1380	58	1
1380	19	1
1380	12	1
1380	2	1
1381	77	1
1381	78	1
1382	4	1
1382	5	1
1383	3	1
1383	4	1
1384	2	1
1385	17	1
1385	2	1
1385	12	1
1385	20	1
1386	3	1
1386	4	1
1387	0	1
1387	2	1
1387	12	1
1387	17	1
1387	20	1
1387	25	1
1388	0	1
1388	17	1
1388	2	1
1388	20	1
1389	3	1
1389	4	1
1390	3	1
1390	4	1
1391	2	1
1392	26	1
1392	2	1
1393	4	1
1393	5	1
1394	17	1
1394	2	1
1394	20	1
1395	13	1
1396	17	1
1396	18	1
1396	20	1
1396	2	1
1397	3	1
1397	4	1
1398	0	1
1398	18	1
1398	19	1
1398	20	1
1398	2	1
1399	23	1
1400	39	1
1401	0	1
1401	2	1
1402	2	1
1403	39	1
1404	13	1
1405	39	1
1406	58	1
1406	12	1
1406	2	1
1407	26	1
1407	2	1
1408	4	1
1408	5	1
1409	13	1
1410	3	1
1410	4	1
1411	4	1
1411	5	1
1412	2	1
1412	6	1
1413	48	1
1413	49	1
1413	21	1
1413	22	1
1414	28	1
1414	4	1
1414	5	1
1414	29	1
1415	2	1
1415	20	1
1416	0	1
1416	2	1
1416	19	1
1417	9	1
1418	13	1
1419	0	1
1419	25	1
1419	2	1
1419	19	1
1419	12	1
1420	0	1
1420	18	1
1420	19	1
1420	20	1
1420	2	1
1421	2	1
1421	19	1
1421	12	1
1422	64	1
1422	77	1
1422	78	1
1422	63	1
1423	4	1
1423	5	1
1424	0	1
1424	25	1
1424	2	1
1424	12	1
1425	4	1
1425	5	1
1426	3	1
1426	4	1
1427	64	1
1427	61	1
1427	63	1
1428	33	1
1428	66	1
1428	4	1
1429	0	1
1429	25	1
1429	2	1
1429	12	1
1430	88	1
1430	42	1
1430	4	1
1431	4	1
1431	5	1
1431	14	1
1432	4	1
1432	5	1
1433	13	1
1434	4	1
1434	5	1
1435	90	1
1435	4	1
1435	22	1
1436	13	1
1437	56	1
1438	39	1
1439	4	1
1439	5	1
1440	12	1
1440	2	1
1440	19	1
1440	20	1
1441	0	1
1441	25	1
1441	2	1
1441	12	1
1442	32	1
1442	4	1
1442	5	1
1442	22	1
1443	0	1
1443	2	1
1444	0	1
1444	25	1
1444	2	1
1444	19	1
1444	12	1
1445	25	1
1445	2	1
1445	12	1
1446	0	1
1446	2	1
1446	12	1
1447	4	1
1447	5	1
1448	0	1
1448	25	1
1448	2	1
1448	19	1
1448	12	1
1449	45	1
1449	46	1
1449	13	1
1450	4	1
1450	5	1
1451	4	1
1451	5	1
1452	13	1
1453	0	1
1453	25	1
1453	2	1
1453	12	1
1454	13	1
1455	3	1
1455	4	1
1456	13	1
1457	0	1
1457	58	1
1457	19	1
1457	12	1
1457	2	1
1458	32	1
1458	22	1
1459	38	1
1460	4	1
1460	5	1
1461	13	1
1462	2	1
1463	13	1
1464	39	1
1465	2	1
1466	4	1
1467	17	1
1467	2	1
1468	0	1
1468	2	1
1468	19	1
1468	12	1
1469	4	1
1470	23	1
1471	0	1
1471	2	1
1472	0	1
1472	2	1
1473	23	1
1474	2	1
1475	32	1
1475	10	1
1475	4	1
1475	5	1
1475	22	1
1476	0	1
1476	2	1
1476	19	1
1476	12	1
1477	3	1
1477	4	1
1478	23	1
1479	45	1
1479	13	1
1480	3	1
1480	4	1
1481	0	1
1481	18	1
1481	19	1
1481	20	1
1481	2	1
1482	40	1
1482	41	1
1483	3	1
1483	4	1
1484	4	1
1485	28	1
1485	22	1
1485	87	1
1486	0	1
1486	2	1
1487	3	1
1487	4	1
1488	33	1
1488	4	1
1489	2	1
1489	20	1
1490	4	1
1490	5	1
1491	23	1
1492	2	1
1493	2	1
1494	2	1
1494	20	1
1495	22	1
1496	4	1
1496	15	1
1497	4	1
1497	5	1
1498	2	1
1499	4	1
1500	4	1
1500	5	1
1501	2	1
1502	2	1
1502	19	1
1503	16	1
1503	33	1
1503	4	1
1504	25	1
1504	2	1
1504	12	1
1505	3	1
1505	4	1
1506	2	1
1506	20	1
1507	9	1
1507	34	1
1507	31	1
1508	13	1
1509	17	1
1509	2	1
1510	16	1
1510	4	1
1510	5	1
1511	17	1
1511	2	1
1512	40	1
1512	41	1
1513	3	1
1513	4	1
1514	3	1
1514	4	1
1515	32	1
1515	90	1
1515	4	1
1515	22	1
1516	0	1
1516	32	1
1516	2	1
1516	20	1
1516	22	1
1517	32	1
1517	22	1
1518	4	1
1518	5	1
1519	32	1
1519	33	1
1519	2	1
1519	4	1
1519	0	1
1519	22	1
1519	90	1
1520	4	1
1520	5	1
1521	21	1
1521	22	1
1522	21	1
1522	22	1
1523	4	1
1523	5	1
1523	14	1
1524	3	1
1524	4	1
1525	1	1
1525	2	1
1526	4	1
1527	13	1
1528	50	1
1528	51	1
1529	13	1
1530	4	1
1530	5	1
1531	0	1
1531	2	1
1532	3	1
1532	4	1
1533	4	1
1534	4	1
1535	23	1
1536	4	1
1536	5	1
1536	14	1
1536	15	1
1537	4	1
1537	91	1
1537	92	1
1538	56	1
1539	0	1
1539	2	1
1539	12	1
1539	18	1
1539	19	1
1539	20	1
1540	23	1
1541	0	1
1541	25	1
1541	2	1
1541	12	1
1542	0	1
1542	18	1
1542	19	1
1542	20	1
1542	2	1
1543	4	1
1543	5	1
1544	4	1
1544	5	1
1545	4	1
1545	5	1
1546	9	1
1546	34	1
1547	4	1
1547	5	1
1548	4	1
1548	5	1
1549	2	1
1550	4	1
1550	5	1
1551	4	1
1551	5	1
1552	2	1
1553	0	1
1553	18	1
1553	19	1
1553	20	1
1553	2	1
1554	2	1
1555	2	1
1556	22	1
1557	32	1
1557	22	1
1558	21	1
1558	22	1
1559	0	1
1559	25	1
1559	2	1
1559	12	1
1560	25	1
1560	2	1
1560	12	1
1561	25	1
1561	2	1
1562	3	1
1562	4	1
1562	5	1
1563	56	1
1564	25	1
1564	2	1
1564	12	1
1565	4	1
1565	5	1
1566	3	1
1566	4	1
1567	17	1
1567	2	1
1567	20	1
1568	17	1
1568	2	1
1568	20	1
1569	45	1
1570	4	1
1570	5	1
1571	0	1
1571	2	1
1571	20	1
1572	3	1
1572	4	1
1573	4	1
1574	4	1
1574	91	1
1574	92	1
1575	3	1
1575	4	1
1576	4	1
1576	5	1
1577	17	1
1577	2	1
1577	20	1
1578	13	1
1579	10	1
1579	4	1
1579	5	1
1580	13	1
1581	4	1
1582	2	1
1582	19	1
1582	20	1
1583	17	1
1583	2	1
1583	20	1
1584	13	1
1585	17	1
1585	2	1
1585	19	1
1585	20	1
1585	12	1
1586	17	1
1586	2	1
1587	17	1
1587	2	1
1588	3	1
1588	4	1
1589	0	1
1589	25	1
1589	2	1
1589	19	1
1589	12	1
1590	4	1
1590	15	1
1591	0	1
1591	25	1
1591	2	1
1591	19	1
1591	12	1
1592	0	1
1592	25	1
1592	2	1
1592	19	1
1592	12	1
1593	0	1
1593	25	1
1593	2	1
1593	19	1
1593	12	1
1594	13	1
1595	4	1
1595	5	1
1596	33	1
1596	4	1
1597	25	1
1597	2	1
1597	12	1
1598	2	1
1598	12	1
1599	4	1
1599	5	1
1600	2	1
1600	12	1
1601	3	1
1601	4	1
1602	39	1
1603	25	1
1603	2	1
1603	19	1
1603	12	1
1604	2	1
1604	19	1
1604	12	1
1605	59	1
1605	93	1
1605	94	1
1606	2	1
1607	4	1
1608	2	1
1609	3	1
1609	4	1
1610	32	1
1610	4	1
1610	5	1
1610	22	1
1611	2	1
1612	96	1
1612	4	1
1612	95	1
1613	33	1
1614	1	1
1614	2	1
1615	33	1
1615	4	1
1616	97	1
1617	13	1
1618	4	1
1618	5	1
1619	33	1
1619	4	1
1620	9	1
1620	35	1
1621	16	1
1621	53	1
1621	22	1
1622	0	1
1622	25	1
1622	2	1
1622	19	1
1622	12	1
1623	2	1
1623	36	1
1624	4	1
1624	5	1
1625	2	1
1626	0	1
1626	18	1
1626	19	1
1626	20	1
1626	2	1
1627	4	1
1627	5	1
1628	2	1
1629	2	1
1630	2	1
1631	2	1
1632	0	1
1632	2	1
1632	19	1
1633	4	1
1633	5	1
1634	23	1
1635	45	1
1636	0	1
1636	25	1
1636	2	1
1636	19	1
1636	12	1
1637	0	1
1637	2	1
1637	19	1
1637	12	1
1638	0	1
1638	25	1
1638	2	1
1638	19	1
1638	12	1
1639	2	1
1639	12	1
1640	56	1
1641	47	1
1642	4	1
1642	5	1
1643	45	1
1644	90	1
1644	4	1
1644	22	1
1645	61	1
1645	62	1
1646	17	1
1646	2	1
1646	20	1
1646	12	1
1647	3	1
1647	4	1
1648	37	1
1649	17	1
1649	2	1
1649	12	1
1649	20	1
1650	4	1
1650	5	1
1651	88	1
1651	42	1
1651	4	1
1652	4	1
1652	5	1
1653	33	1
1653	4	1
1654	3	1
1654	4	1
1655	1	1
1655	2	1
1656	4	1
1656	5	1
1657	4	1
1658	9	1
1658	30	1
1658	31	1
1659	13	1
1660	32	1
1660	90	1
1660	4	1
1660	22	1
1661	4	1
1661	15	1
1662	0	1
1662	2	1
1662	12	1
1663	2	1
1663	6	1
1664	2	1
1664	20	1
1665	21	1
1665	22	1
1666	0	1
1666	25	1
1666	2	1
1667	56	1
1668	40	1
1668	41	1
1668	50	1
1668	51	1
1669	9	1
1670	0	1
1670	18	1
1670	19	1
1670	20	1
1670	2	1
1671	3	1
1671	4	1
1672	24	1
1673	4	1
1673	15	1
1674	98	1
1674	4	1
1675	0	1
1675	2	1
1675	20	1
1676	62	1
1676	23	1
1677	0	1
1677	25	1
1677	2	1
1678	32	1
1678	10	1
1678	4	1
1678	5	1
1678	22	1
1679	0	1
1679	18	1
1679	19	1
1679	20	1
1679	2	1
1680	33	1
1680	66	1
1680	4	1
1681	32	1
1681	4	1
1681	5	1
1681	22	1
1682	0	1
1682	2	1
1683	10	1
1683	4	1
1684	3	1
1684	4	1
1685	25	1
1685	2	1
1685	12	1
1686	4	1
1687	2	1
1688	10	1
1688	4	1
1689	2	1
1690	9	1
1691	2	1
1691	19	1
1692	10	1
1692	4	1
1692	5	1
1693	13	1
1694	21	1
1694	22	1
1695	2	1
1695	19	1
1695	6	1
1696	0	1
1696	2	1
1696	19	1
1697	13	1
1698	39	1
1699	13	1
1700	9	1
1701	4	1
1701	5	1
1702	2	1
1702	67	1
1702	6	1
1703	21	1
1703	22	1
1704	13	1
1705	4	1
1705	5	1
1706	2	1
1706	12	1
1707	13	1
1708	2	1
1709	32	1
1709	4	1
1709	5	1
1709	22	1
1710	24	1
1711	13	1
1712	42	1
1712	43	1
1712	4	1
1713	2	1
1714	45	1
1714	46	1
1715	10	1
1715	4	1
1716	39	1
1717	4	1
1717	5	1
1718	4	1
1719	56	1
1720	4	1
1720	5	1
1721	9	1
1722	2	1
1722	12	1
1723	4	1
1723	5	1
1724	21	1
1724	22	1
1725	23	1
1726	0	1
1726	2	1
1726	53	1
1726	22	1
1726	69	1
1727	4	1
1727	5	1
1728	2	1
1728	19	1
1728	6	1
1729	0	1
1729	2	1
1730	2	1
1730	13	1
1731	4	1
1731	5	1
1732	4	1
1733	2	1
1734	56	1
1735	16	1
1735	3	1
1735	4	1
1736	3	1
1736	4	1
1737	4	1
1737	5	1
1738	2	1
1739	2	1
1740	2	1
1741	2	1
1742	2	1
1743	4	1
1743	5	1
1744	2	1
1745	26	1
1745	2	1
1746	26	1
1746	2	1
1747	4	1
1748	4	1
1748	5	1
1748	14	1
1749	28	1
1749	29	1
1749	13	1
1750	50	1
1750	51	1
1750	22	1
1751	32	1
1751	33	1
1751	66	1
1751	4	1
1751	22	1
1752	13	1
1753	0	1
1753	25	1
1753	2	1
1753	19	1
1753	12	1
1754	50	1
1754	51	1
1755	9	1
1756	9	1
1756	31	1
1757	3	1
1757	4	1
1758	2	1
1759	4	1
1759	5	1
1760	3	1
1760	4	1
1761	3	1
1761	4	1
1762	2	1
1763	4	1
1763	5	1
1764	3	1
1764	4	1
1765	3	1
1765	4	1
1765	15	1
1766	9	1
1766	30	1
1766	31	1
1767	3	1
1767	4	1
1767	15	1
1768	17	1
1768	2	1
1769	9	1
1769	4	1
1770	4	1
1770	5	1
1771	4	1
1771	5	1
1772	56	1
1773	13	1
1774	0	1
1774	2	1
1775	61	1
1776	0	1
1776	2	1
1777	88	1
1777	42	1
1777	4	1
1778	13	1
1779	2	1
1779	20	1
1780	3	1
1780	4	1
1781	4	1
1782	4	1
1782	5	1
1783	0	1
1783	18	1
1783	19	1
1783	20	1
1783	2	1
1784	0	1
1784	2	1
1784	6	1
1785	4	1
1785	5	1
1786	0	1
1786	2	1
1786	19	1
1786	6	1
1787	2	1
1787	6	1
1788	47	1
1789	2	1
1789	6	1
1790	9	1
1791	0	1
1791	2	1
1791	6	1
1791	12	1
1791	18	1
1791	19	1
1791	20	1
1792	18	1
1792	20	1
1792	2	1
1793	16	1
1793	28	1
1793	3	1
1793	4	1
1793	29	1
1794	37	1
1795	13	1
1796	13	1
1797	33	1
1797	99	1
1797	4	1
1798	4	1
1798	5	1
1799	18	1
1799	20	1
1799	2	1
1800	72	1
1800	100	1
1800	37	1
1801	4	1
1801	5	1
1802	16	1
1802	28	1
1802	3	1
1802	4	1
1802	29	1
1803	4	1
1803	5	1
1804	4	1
1804	5	1
1805	4	1
1805	5	1
1805	14	1
1806	1	1
1806	2	1
1807	4	1
1807	5	1
1808	13	1
1809	17	1
1809	2	1
1810	16	1
1810	3	1
1810	4	1
1811	11	1
1812	3	1
1812	4	1
1813	13	1
1814	17	1
1814	2	1
1814	20	1
1815	17	1
1815	2	1
1816	26	1
1816	2	1
1817	4	1
1817	5	1
1818	4	1
1819	3	1
1819	4	1
1820	4	1
1820	5	1
1821	16	1
1821	3	1
1821	4	1
1822	57	1
1823	4	1
1824	0	1
1824	2	1
1825	25	1
1825	2	1
1825	13	1
1826	0	1
1826	25	1
1826	2	1
1826	12	1
1827	0	1
1827	25	1
1827	2	1
1827	19	1
1827	12	1
1828	11	1
1829	45	1
1829	46	1
1829	13	1
1830	3	1
1830	4	1
1831	32	1
1831	10	1
1831	4	1
1831	5	1
1831	22	1
1832	1	1
1832	2	1
1833	21	1
1833	22	1
1834	4	1
1834	5	1
1835	8	1
1835	7	1
1836	2	1
1836	12	1
1836	13	1
1837	13	1
1838	25	1
1838	2	1
1838	19	1
1838	12	1
1839	64	1
1839	77	1
1839	78	1
1839	63	1
1840	0	1
1840	25	1
1840	2	1
1840	19	1
1840	12	1
1841	2	1
1841	13	1
1842	65	1
1843	4	1
1844	4	1
1844	14	1
1845	4	1
1846	17	1
1846	2	1
1847	17	1
1847	2	1
1848	17	1
1848	2	1
1849	9	1
1850	17	1
1850	2	1
1851	13	1
1852	64	1
1852	63	1
1853	2	1
1854	9	1
1855	0	1
1855	25	1
1855	2	1
1855	19	1
1855	12	1
1856	0	1
1856	32	1
1856	2	1
1856	3	1
1856	4	1
1856	22	1
1856	82	1
1856	54	1
1857	9	1
1858	4	1
1858	5	1
1859	4	1
1859	5	1
1860	0	1
1860	2	1
1861	37	1
1862	13	1
1863	28	1
1863	29	1
1864	0	1
1864	2	1
1865	3	1
1865	4	1
1866	32	1
1866	10	1
1866	4	1
1866	5	1
1866	22	1
1867	17	1
1867	2	1
1868	2	1
1869	13	1
1870	56	1
1871	4	1
1872	2	1
1873	4	1
1873	5	1
1873	14	1
1874	2	1
1875	4	1
1875	5	1
1876	4	1
1877	4	1
1877	5	1
1878	9	1
1879	9	1
1880	21	1
1880	22	1
1881	21	1
1881	22	1
1882	2	1
1882	6	1
1883	3	1
1883	4	1
1884	50	1
1884	51	1
1885	50	1
1885	51	1
1886	3	1
1886	4	1
1887	26	1
1887	2	1
1888	13	1
1889	4	1
1889	5	1
1890	32	1
1890	0	1
1890	2	1
1890	36	1
1890	12	1
1890	18	1
1890	19	1
1890	20	1
1890	22	1
1891	4	1
1891	5	1
1892	2	1
1893	13	1
1894	2	1
1895	56	1
1896	39	1
1896	23	1
1897	4	1
1897	5	1
1898	2	1
1898	3	1
1898	4	1
1899	0	1
1899	18	1
1899	19	1
1899	20	1
1899	2	1
1900	2	1
1900	20	1
1901	4	1
1901	5	1
1901	14	1
1901	15	1
1902	24	1
1902	59	1
1903	47	1
1904	45	1
1904	13	1
1905	85	1
1905	78	1
1906	0	1
1906	2	1
1907	4	1
1907	5	1
1908	39	1
1909	28	1
1909	4	1
1909	5	1
1909	29	1
1910	21	1
1910	22	1
1911	3	1
1911	4	1
1911	5	1
1912	77	1
1912	78	1
1913	2	1
1913	6	1
1914	76	1
1915	4	1
1916	4	1
1917	4	1
1917	5	1
1917	14	1
1918	4	1
1919	26	1
1919	2	1
1920	42	1
1920	43	1
1920	4	1
1921	22	1
1922	4	1
1923	0	1
1923	17	1
1923	26	1
1923	2	1
1924	26	1
1924	2	1
1925	26	1
1925	2	1
1926	26	1
1926	2	1
1927	45	1
1927	46	1
1928	26	1
1928	2	1
1929	26	1
1929	2	1
1930	0	1
1930	2	1
1931	4	1
1931	5	1
1932	45	1
1932	13	1
1933	13	1
1934	0	1
1934	1	1
1934	2	1
1935	4	1
1935	5	1
1936	4	1
1936	5	1
1937	9	1
1938	0	1
1938	25	1
1938	2	1
1938	19	1
1938	12	1
1939	2	1
1939	13	1
1940	0	1
1940	25	1
1940	2	1
1940	19	1
1940	12	1
1941	0	1
1941	25	1
1941	2	1
1941	19	1
1941	12	1
1942	4	1
1942	15	1
1943	0	1
1943	25	1
1943	2	1
1944	0	1
1944	2	1
1945	0	1
1945	2	1
1946	13	1
1947	0	1
1947	2	1
1948	0	1
1948	2	1
1948	19	1
1948	12	1
1949	0	1
1949	2	1
1950	4	1
1950	5	1
1951	0	1
1951	18	1
1951	19	1
1951	20	1
1951	2	1
1952	32	1
1952	21	1
1952	22	1
1953	0	1
1953	2	1
1953	20	1
1954	4	1
1954	68	1
1954	33	1
1955	2	1
1956	4	1
1956	5	1
1957	4	1
1958	3	1
1958	4	1
1959	4	1
1959	5	1
1960	4	1
1960	15	1
1961	4	1
1961	5	1
1962	22	1
1963	2	1
1964	4	1
1964	5	1
1965	61	1
1966	2	1
1967	32	1
1967	4	1
1967	5	1
1967	22	1
1968	4	1
1969	57	1
1970	33	1
1970	4	1
1971	3	1
1971	4	1
1972	17	1
1972	2	1
1973	17	1
1973	2	1
1973	20	1
1974	17	1
1974	18	1
1974	2	1
1975	4	1
1976	2	1
1977	17	1
1977	2	1
1977	20	1
1978	0	1
1978	1	1
1978	2	1
1978	12	1
1979	4	1
1979	5	1
1979	14	1
1979	15	1
1980	33	1
1980	4	1
1981	16	1
1981	3	1
1981	4	1
1982	2	1
1982	20	1
1983	3	1
1983	4	1
1984	4	1
1984	5	1
1985	19	1
1985	2	1
1985	67	1
1985	6	1
1986	4	1
1986	5	1
1987	4	1
1987	5	1
1988	13	1
1989	17	1
1989	2	1
1990	2	1
1991	4	1
1991	5	1
1992	4	1
1993	13	1
1994	19	1
1994	2	1
1994	67	1
1994	6	1
1995	69	1
1995	22	1
1996	9	1
1997	0	1
1997	18	1
1997	19	1
1997	20	1
1997	2	1
1998	4	1
1998	5	1
1999	4	1
1999	15	1
2000	21	1
2000	22	1
2001	72	1
2001	86	1
2002	0	1
2002	2	1
2003	4	1
2003	5	1
2004	13	1
2005	85	1
2005	78	1
2006	33	1
2006	4	1
2007	45	1
2008	33	1
2008	4	1
2009	4	1
2009	5	1
2009	14	1
2010	4	1
2010	14	1
2011	0	1
2011	2	1
2011	36	1
2012	4	1
2012	14	1
2013	0	1
2013	25	1
2013	2	1
2013	12	1
2014	17	1
2014	2	1
2015	3	1
2015	4	1
2016	2	1
2016	6	1
2017	0	1
2017	2	1
2017	12	1
2018	13	1
2019	13	1
2020	0	1
2020	2	1
2020	12	1
2021	0	1
2021	2	1
2022	0	1
2022	2	1
2022	12	1
2023	3	1
2023	4	1
2024	24	1
2024	59	1
2025	4	1
2026	4	1
2026	5	1
2027	2	1
2027	20	1
2028	13	1
2029	74	1
2029	22	1
2030	4	1
2030	5	1
2031	13	1
2032	0	1
2032	1	1
2032	2	1
2032	12	1
2033	3	1
2033	4	1
2034	4	1
2034	5	1
2035	3	1
2035	4	1
2036	17	1
2036	26	1
2036	2	1
2037	9	1
2037	31	1
2038	3	1
2038	4	1
2039	0	1
2039	25	1
2039	2	1
2039	12	1
2040	2	1
2041	0	1
2041	2	1
2042	50	1
2042	51	1
2043	13	1
2044	2	1
2045	2	1
2046	2	1
2047	2	1
2048	32	1
2048	4	1
2048	5	1
2048	22	1
2049	23	1
2050	2	1
2051	22	1
2052	2	1
2053	17	1
2053	2	1
2054	3	1
2054	4	1
2055	17	1
2055	2	1
2056	25	1
2056	2	1
2056	12	1
2057	4	1
2057	5	1
2058	0	1
2058	2	1
2059	0	1
2059	2	1
2060	4	1
2060	5	1
2061	0	1
2061	2	1
2062	50	1
2062	51	1
2063	50	1
2063	51	1
2063	22	1
2064	13	1
2065	61	1
2065	62	1
2066	4	1
2066	5	1
2067	0	1
2067	2	1
2068	0	1
2068	2	1
2068	6	1
2069	4	1
2069	5	1
2070	4	1
2070	5	1
2071	0	1
2071	2	1
2071	19	1
2071	6	1
2072	0	1
2072	2	1
2072	6	1
2073	2	1
2073	6	1
2074	3	1
2074	4	1
2075	4	1
2075	5	1
2076	0	1
2076	25	1
2076	2	1
2076	12	1
2077	2	1
2078	22	1
2079	39	1
2080	0	1
2080	2	1
2081	4	1
2081	5	1
2082	0	1
2082	25	1
2082	2	1
2083	0	1
2083	25	1
2083	2	1
2084	0	1
2084	25	1
2084	2	1
2084	12	1
2085	72	1
2085	100	1
2085	37	1
2086	0	1
2086	2	1
2087	4	1
2087	5	1
2088	0	1
2088	2	1
2089	4	1
2089	5	1
2090	16	1
2090	28	1
2090	3	1
2090	4	1
2090	29	1
2091	9	1
2092	0	1
2092	2	1
2092	19	1
2092	20	1
2093	4	1
2093	5	1
2094	2	1
2095	16	1
2095	28	1
2095	3	1
2095	4	1
2095	29	1
2096	0	1
2096	2	1
2096	19	1
2096	20	1
2097	62	1
2097	23	1
2098	0	1
2098	58	1
2098	19	1
2098	12	1
2098	2	1
2099	9	1
2099	30	1
2099	31	1
2100	2	1
2100	19	1
2100	12	1
2101	33	1
2101	66	1
2101	4	1
2102	4	1
2102	5	1
2103	0	1
2103	2	1
2104	9	1
2105	37	1
2106	0	1
2106	32	1
2106	2	1
2106	22	1
2107	59	1
2107	93	1
2107	94	1
2108	59	1
2109	4	1
2109	5	1
2110	32	1
2110	10	1
2110	4	1
2110	5	1
2110	22	1
2111	0	1
2111	25	1
2111	2	1
2111	12	1
2112	13	1
2113	9	1
2113	31	1
2114	3	1
2114	4	1
2114	5	1
2115	57	1
2116	2	1
2116	20	1
2117	17	1
2117	2	1
2117	20	1
2118	4	1
2118	5	1
2119	4	1
2119	5	1
2120	4	1
2120	5	1
2121	4	1
2121	5	1
2121	14	1
2122	2	1
2123	17	1
2123	2	1
2123	20	1
2124	56	1
2125	13	1
2126	4	1
2126	5	1
2127	3	1
2127	4	1
2128	13	1
2129	0	1
2129	2	1
2129	19	1
2129	20	1
2130	13	1
2131	64	1
2131	63	1
2131	62	1
2131	23	1
2132	0	1
2132	18	1
2132	19	1
2132	20	1
2132	2	1
2133	4	1
2133	5	1
2134	25	1
2134	58	1
2134	19	1
2134	12	1
2134	2	1
2135	33	1
2135	66	1
2135	4	1
2135	22	1
2136	25	1
2136	2	1
2136	19	1
2137	22	1
2138	4	1
2138	5	1
2139	4	1
2139	5	1
2140	4	1
2141	21	1
2141	22	1
2142	32	1
2142	21	1
2142	22	1
2143	0	1
2143	2	1
2144	21	1
2144	22	1
2145	0	1
2145	2	1
2146	4	1
2146	5	1
2147	32	1
2147	22	1
2148	32	1
2148	22	1
2149	4	1
2149	5	1
2150	32	1
2150	82	1
2150	2	1
2150	22	1
2151	13	1
2152	4	1
2152	15	1
2153	2	1
2154	0	1
2154	2	1
2154	82	1
2154	22	1
2154	28	1
2154	29	1
2155	4	1
2155	15	1
2156	0	1
2156	28	1
2156	2	1
2156	4	1
2156	29	1
2157	0	1
2157	2	1
2157	20	1
2158	0	1
2158	2	1
2158	20	1
2159	8	1
2159	7	1
2160	2	1
2161	3	1
2161	4	1
2162	9	1
2162	30	1
2162	31	1
2163	3	1
2163	4	1
2164	4	1
2165	9	1
2165	31	1
2166	1	1
2166	2	1
2166	12	1
2167	33	1
2167	4	1
2168	4	1
2168	5	1
2169	3	1
2169	4	1
2170	17	1
2170	2	1
2171	3	1
2171	4	1
2172	4	1
2172	5	1
2173	4	1
2173	5	1
2173	14	1
2174	3	1
2174	4	1
2175	0	1
2175	1	1
2175	2	1
2175	12	1
2176	0	1
2176	25	1
2176	2	1
2176	19	1
2176	12	1
2177	0	1
2177	25	1
2177	2	1
2177	19	1
2177	12	1
2178	4	1
2178	15	1
2179	0	1
2179	2	1
2179	12	1
2179	18	1
2179	19	1
2179	20	1
2180	0	1
2180	2	1
2180	19	1
2181	4	1
2181	5	1
2181	22	1
2182	39	1
2183	4	1
2184	4	1
2184	5	1
2185	0	1
2185	2	1
2185	19	1
2186	17	1
2186	2	1
2186	20	1
2186	12	1
2187	2	1
2187	6	1
2188	4	1
2188	5	1
2189	2	1
2189	6	1
2190	4	1
2191	13	1
2192	17	1
2192	2	1
2192	20	1
2193	2	1
2194	17	1
2194	2	1
2194	20	1
2195	24	1
2195	59	1
2196	0	1
2196	17	1
2196	2	1
2196	20	1
2197	0	1
2197	2	1
2198	27	1
2198	4	1
2199	4	1
2199	5	1
2200	13	1
2201	23	1
2202	0	1
2202	2	1
2203	0	1
2203	2	1
2204	4	1
2204	5	1
2205	23	1
2206	28	1
2206	22	1
2206	87	1
2207	3	1
2207	4	1
2208	22	1
2209	4	1
2209	5	1
2210	0	1
2210	18	1
2210	19	1
2210	20	1
2210	2	1
2211	2	1
2211	20	1
2212	3	1
2212	4	1
2213	2	1
2214	80	1
2214	79	1
2215	9	1
2216	4	1
2216	5	1
2217	45	1
2217	46	1
2218	23	1
2219	32	1
2219	4	1
2219	5	1
2219	22	1
2220	50	1
2220	51	1
2221	13	1
2222	0	1
2222	25	1
2222	2	1
2222	12	1
2223	11	1
2224	2	1
2224	19	1
2224	12	1
2225	4	1
2225	5	1
2226	4	1
2226	5	1
2227	2	1
2227	20	1
2228	3	1
2228	4	1
2229	17	1
2229	2	1
2229	20	1
2230	3	1
2230	4	1
2231	16	1
2231	4	1
2231	5	1
2232	4	1
2232	5	1
2233	39	1
2234	4	1
2234	5	1
2234	14	1
2235	0	1
2235	2	1
2236	17	1
2236	2	1
2236	20	1
2237	4	1
2237	5	1
2238	33	1
2238	4	1
2239	0	1
2239	2	1
2239	20	1
2240	0	1
2240	2	1
2240	28	1
2240	29	1
2241	4	1
2241	5	1
2242	2	1
2243	18	1
2243	20	1
2243	2	1
2244	4	1
2244	5	1
2245	0	1
2245	2	1
2245	12	1
2246	4	1
2246	5	1
2247	0	1
2247	25	1
2247	2	1
2247	19	1
2247	12	1
2248	17	1
2248	2	1
2248	20	1
2249	32	1
2249	2	1
2249	101	1
2249	102	1
2249	12	1
2249	22	1
2249	60	1
2250	56	1
2251	2	1
2252	39	1
2253	1	1
2253	58	1
2253	12	1
2253	2	1
2254	45	1
2254	46	1
2255	2	1
2255	6	1
2256	28	1
2256	4	1
2256	5	1
2256	29	1
2257	2	1
2258	2	1
2258	6	1
2259	72	1
2259	73	1
2259	11	1
2260	2	1
2261	0	1
2261	1	1
2261	2	1
2261	12	1
2262	4	1
2262	5	1
2262	14	1
2262	15	1
2263	33	1
2263	4	1
2263	22	1
2264	0	1
2264	2	1
2265	13	1
2266	4	1
2266	5	1
2266	14	1
2267	26	1
2267	2	1
2268	0	1
2268	25	1
2268	26	1
2268	2	1
2269	13	1
2270	8	1
2270	7	1
2271	40	1
2271	41	1
2272	2	1
2272	6	1
2273	9	1
2274	3	1
2274	4	1
2275	57	1
2276	26	1
2276	2	1
2277	0	1
2277	2	1
2277	19	1
2277	12	1
2278	4	1
2278	5	1
2279	56	1
2279	2	1
2280	4	1
2280	5	1
2281	2	1
2282	50	1
2282	51	1
2283	13	1
2284	1	1
2284	2	1
2285	1	1
2285	2	1
2286	4	1
2286	5	1
2286	14	1
2287	9	1
2287	34	1
2288	9	1
2288	34	1
2288	31	1
2289	28	1
2289	29	1
2290	54	1
2290	22	1
2291	4	1
2291	5	1
2291	23	1
2292	0	1
2292	17	1
2292	18	1
2292	20	1
2292	2	1
2293	9	1
2293	31	1
2294	17	1
2294	2	1
2294	20	1
2295	4	1
2295	5	1
2296	17	1
2296	2	1
2296	20	1
2297	4	1
2297	5	1
2298	3	1
2298	4	1
2299	56	1
2300	13	1
2301	26	1
2301	2	1
2302	4	1
2302	5	1
2303	4	1
2303	5	1
2303	14	1
2304	4	1
2305	27	1
2305	4	1
2306	13	1
2307	4	1
2308	3	1
2308	4	1
2308	15	1
2309	17	1
2309	2	1
2309	20	1
2310	4	1
2310	5	1
2311	0	1
2311	2	1
2311	19	1
2312	2	1
2312	13	1
2313	0	1
2313	2	1
2313	20	1
2314	0	1
2314	25	1
2314	2	1
2314	19	1
2314	12	1
2315	3	1
2315	4	1
2315	5	1
2316	16	1
2316	3	1
2316	4	1
2317	4	1
2318	45	1
2318	46	1
2319	9	1
2319	35	1
2320	45	1
2321	17	1
2321	2	1
2322	3	1
2322	4	1
2323	23	1
2324	0	1
2324	2	1
2325	3	1
2325	4	1
2326	50	1
2326	51	1
2327	0	1
2327	18	1
2327	19	1
2327	20	1
2327	2	1
2328	4	1
2328	5	1
2329	28	1
2329	3	1
2329	4	1
2329	29	1
2330	4	1
2330	5	1
2331	4	1
2331	5	1
2332	2	1
2332	6	1
2333	4	1
2333	5	1
2334	39	1
2335	17	1
2335	18	1
2335	20	1
2335	2	1
2336	0	1
2336	2	1
2336	6	1
2336	12	1
2336	19	1
2336	25	1
2337	3	1
2337	4	1
2338	0	1
2338	2	1
2338	20	1
2339	4	1
2339	15	1
2340	0	1
2340	28	1
2340	2	1
2340	4	1
2340	29	1
2341	2	1
2342	4	1
2342	15	1
2343	0	1
2343	2	1
2343	20	1
2344	0	1
2344	2	1
2344	82	1
2344	22	1
2344	28	1
2344	29	1
2345	21	1
2345	22	1
2346	13	1
2347	39	1
2348	50	1
2348	51	1
2349	50	1
2349	51	1
2350	26	1
2350	2	1
2351	72	1
2351	100	1
2351	37	1
2351	86	1
2352	2	1
2352	12	1
2352	17	1
2352	18	1
2352	20	1
2352	25	1
2353	17	1
2353	2	1
2353	20	1
2354	4	1
2355	9	1
2355	31	1
2356	2	1
2356	20	1
2357	3	1
2357	4	1
2358	4	1
2358	5	1
2359	13	1
2360	23	1
2361	2	1
2362	9	1
2362	31	1
2363	4	1
2363	5	1
2364	13	1
2365	4	1
2365	15	1
2366	4	1
2367	0	1
2367	2	1
2367	20	1
2368	42	1
2368	43	1
2368	4	1
2369	2	1
2370	0	1
2370	2	1
2370	20	1
2371	1	1
2371	2	1
2372	4	1
2372	5	1
2373	1	1
2373	2	1
2373	12	1
2374	33	1
2374	4	1
2375	4	1
2376	13	1
2377	17	1
2377	2	1
2377	20	1
2378	4	1
2378	5	1
2379	3	1
2379	4	1
2380	11	1
2381	17	1
2381	2	1
2382	50	1
2382	51	1
2383	23	1
2384	81	1
2384	4	1
2384	15	1
2385	26	1
2385	2	1
2386	2	1
2386	20	1
2387	2	1
2387	20	1
2388	4	1
2388	5	1
2389	25	1
2389	2	1
2389	12	1
2390	53	1
2390	23	1
2391	4	1
2391	5	1
2392	17	1
2392	2	1
2392	20	1
2393	13	1
2394	38	1
2395	28	1
2395	3	1
2395	4	1
2395	29	1
2396	17	1
2396	2	1
2397	3	1
2397	4	1
2398	4	1
2398	5	1
2399	2	1
2400	0	1
2400	18	1
2400	19	1
2400	20	1
2400	2	1
2401	2	1
2401	19	1
2401	6	1
2402	9	1
2402	30	1
2402	31	1
2403	2	1
2403	19	1
2403	6	1
2404	32	1
2404	21	1
2404	22	1
2405	4	1
2406	2	1
2406	6	1
2407	2	1
2407	6	1
2408	18	1
2408	20	1
2408	2	1
2409	0	1
2409	17	1
2409	2	1
2409	12	1
2409	20	1
2410	17	1
2410	2	1
2410	20	1
2410	12	1
2411	3	1
2411	4	1
2412	2	1
2412	12	1
2413	4	1
2413	5	1
2414	13	1
2415	22	1
2416	71	1
2417	4	1
2417	5	1
2418	2	1
2419	0	1
2419	2	1
2420	61	1
2421	4	1
2421	5	1
2422	2	1
2423	76	1
2424	13	1
2425	28	1
2425	3	1
2425	4	1
2425	29	1
2426	16	1
2426	3	1
2426	4	1
2427	17	1
2427	2	1
2428	0	1
2428	2	1
2429	0	1
2429	2	1
2430	2	1
2431	23	1
2432	2	1
2433	4	1
2433	5	1
2434	28	1
2434	4	1
2434	5	1
2434	29	1
2435	2	1
2435	6	1
2436	2	1
2437	3	1
2437	4	1
2438	13	1
2439	4	1
2439	5	1
2440	0	1
2440	2	1
2441	0	1
2441	25	1
2441	2	1
2441	12	1
2442	50	1
2442	51	1
2443	17	1
2443	2	1
2443	20	1
2444	23	1
2445	13	1
2446	4	1
2446	5	1
2447	3	1
2447	4	1
2448	2	1
2448	20	1
2449	13	1
2450	13	1
2451	40	1
2451	41	1
2452	2	1
2453	13	1
2454	9	1
2454	30	1
2454	31	1
2455	2	1
2456	40	1
2456	41	1
2457	2	1
2458	4	1
2459	32	1
2459	4	1
2459	5	1
2459	22	1
2460	22	1
2461	4	1
2462	0	1
2462	2	1
2462	19	1
2463	2	1
2464	3	1
2464	4	1
2465	4	1
2465	5	1
2466	2	1
2467	64	1
2467	63	1
2468	2	1
2469	13	1
2470	0	1
2470	2	1
2471	39	1
2472	0	1
2472	2	1
2472	20	1
2473	45	1
2473	46	1
2473	13	1
2474	2	1
2475	4	1
2475	5	1
2476	2	1
2476	20	1
2477	2	1
2477	19	1
2477	12	1
2478	22	1
2479	37	1
2480	3	1
2480	4	1
2481	2	1
2481	6	1
2482	2	1
2482	6	1
2483	2	1
2483	6	1
2484	4	1
2484	5	1
2485	26	1
2485	2	1
2486	40	1
2486	41	1
2487	26	1
2487	2	1
2488	2	1
2489	64	1
2489	61	1
2489	62	1
2489	63	1
2490	0	1
2490	25	1
2490	2	1
2490	12	1
2491	4	1
2491	5	1
2491	13	1
2492	4	1
2492	5	1
2493	22	1
2494	38	1
2495	4	1
2495	91	1
2495	92	1
2496	4	1
2496	5	1
2497	13	1
2498	2	1
2499	2	1
2500	32	1
2500	28	1
2500	22	1
2500	87	1
2501	32	1
2501	22	1
2502	4	1
2502	5	1
2503	25	1
2503	2	1
2503	12	1
2504	13	1
2505	0	1
2505	2	1
2505	19	1
2505	20	1
2506	39	1
2507	17	1
2507	2	1
2507	20	1
2508	3	1
2508	4	1
2508	54	1
2508	22	1
2509	19	1
2509	2	1
2509	67	1
2509	6	1
2510	4	1
2510	5	1
2511	4	1
2511	15	1
2512	69	1
2512	22	1
2513	0	1
2513	18	1
2513	19	1
2513	20	1
2513	2	1
2514	4	1
2514	5	1
2515	4	1
2515	15	1
2516	2	1
2517	10	1
2517	4	1
2518	2	1
2519	3	1
2519	4	1
2520	4	1
2520	5	1
2521	2	1
2522	80	1
2522	79	1
2523	13	1
2524	4	1
2524	5	1
2524	14	1
2525	45	1
2525	103	1
2526	2	1
2526	20	1
2527	4	1
2527	5	1
2528	33	1
2528	4	1
2529	0	1
2529	18	1
2529	19	1
2529	20	1
2529	2	1
2530	1	1
2530	2	1
2531	26	1
2531	2	1
2532	0	1
2532	18	1
2532	19	1
2532	20	1
2532	2	1
2533	2	1
2534	4	1
2534	5	1
2535	2	1
2535	12	1
2536	23	1
2537	0	1
2537	17	1
2537	2	1
2537	12	1
2537	20	1
2538	18	1
2538	20	1
2538	2	1
2539	17	1
2539	2	1
2539	12	1
2539	20	1
2540	17	1
2540	2	1
2540	20	1
2540	12	1
2541	16	1
2541	3	1
2541	4	1
2542	3	1
2542	4	1
2543	25	1
2543	2	1
2543	12	1
2544	17	1
2544	2	1
2545	2	1
2546	4	1
2546	5	1
2547	13	1
2548	2	1
2549	32	1
2549	4	1
2549	5	1
2549	22	1
2550	4	1
2551	10	1
2551	4	1
2552	4	1
2553	61	1
2554	2	1
2554	19	1
2555	2	1
2556	10	1
2556	4	1
2557	2	1
2558	2	1
2559	4	1
2559	5	1
2560	0	1
2560	2	1
2561	22	1
2562	4	1
2562	13	1
2563	0	1
2563	2	1
2564	4	1
2564	5	1
2564	14	1
2565	25	1
2565	2	1
2565	12	1
2566	25	1
2566	2	1
2566	12	1
2567	4	1
2567	5	1
2568	3	1
2568	4	1
2569	3	1
2569	4	1
2570	0	1
2570	2	1
2570	19	1
2571	4	1
2571	5	1
2572	25	1
2572	2	1
2572	19	1
2572	12	1
2573	0	1
2573	58	1
2573	19	1
2573	12	1
2573	2	1
2574	2	1
2574	19	1
2574	12	1
2575	0	1
2575	58	1
2575	19	1
2575	12	1
2575	2	1
2576	23	1
2577	2	1
2578	2	1
2579	4	1
2579	5	1
2580	13	1
2581	3	1
2581	4	1
2582	13	1
2583	77	1
2583	78	1
2584	28	1
2584	29	1
2585	28	1
2585	29	1
2586	3	1
2586	4	1
2587	13	1
2588	2	1
2589	10	1
2589	4	1
2590	0	1
2590	25	1
2590	2	1
2590	12	1
2591	0	1
2591	25	1
2591	2	1
2591	19	1
2591	12	1
2592	27	1
2592	4	1
2593	0	1
2593	25	1
2593	2	1
2593	19	1
2593	12	1
2594	0	1
2594	25	1
2594	2	1
2594	19	1
2594	12	1
2595	59	1
2596	40	1
2596	41	1
2597	0	1
2597	25	1
2597	2	1
2597	19	1
2597	12	1
2598	47	1
2599	23	1
2600	2	1
2601	59	1
2601	93	1
2601	94	1
2602	16	1
2602	28	1
2602	3	1
2602	4	1
2602	29	1
2603	25	1
2603	2	1
2603	19	1
2603	12	1
2604	2	1
2605	2	1
2606	3	1
2606	4	1
2607	17	1
2607	2	1
2607	20	1
2608	4	1
2608	5	1
2609	4	1
2609	5	1
2610	0	1
2610	2	1
2610	22	1
2610	54	1
2611	25	1
2611	2	1
2611	12	1
2612	4	1
2612	5	1
2613	25	1
2613	2	1
2613	12	1
2614	32	1
2614	10	1
2614	4	1
2614	5	1
2614	22	1
2615	4	1
2615	5	1
2616	0	1
2616	2	1
2616	19	1
2616	20	1
2617	9	1
2617	69	1
2617	22	1
2618	74	1
2618	22	1
2619	0	1
2619	2	1
2619	12	1
2619	18	1
2619	19	1
2619	20	1
2620	21	1
2620	22	1
2621	4	1
2621	5	1
2621	14	1
2621	15	1
2622	3	1
2622	4	1
2623	4	1
2624	45	1
2624	46	1
2624	13	1
2625	25	1
2625	2	1
2625	19	1
2625	12	1
2626	25	1
2626	2	1
2626	19	1
2626	12	1
2627	13	1
2628	0	1
2628	25	1
2628	2	1
2628	12	1
2629	0	1
2629	25	1
2629	2	1
2629	19	1
2629	12	1
2630	0	1
2630	2	1
2630	22	1
2630	54	1
2631	3	1
2631	4	1
2632	8	1
2632	7	1
2633	104	1
2633	9	1
2634	2	1
2634	6	1
2635	17	1
2635	2	1
2636	4	1
2636	5	1
2637	64	1
2637	61	1
2637	62	1
2637	63	1
2638	4	1
2638	5	1
2639	2	1
2640	2	1
2641	3	1
2641	4	1
2642	23	1
2643	2	1
2644	33	1
2644	4	1
2645	0	1
2645	1	1
2645	2	1
2646	4	1
2646	5	1
2647	18	1
2647	20	1
2647	2	1
2648	2	1
2649	64	1
2649	63	1
2650	2	1
2651	13	1
2652	17	1
2652	18	1
2652	20	1
2652	2	1
2652	1	1
2653	13	1
2654	37	1
2655	13	1
2656	25	1
2656	2	1
2656	12	1
2657	33	1
2657	4	1
2658	4	1
2658	5	1
2658	14	1
2659	26	1
2659	2	1
2660	37	1
2661	3	1
2661	4	1
2662	4	1
2662	5	1
2662	14	1
2662	15	1
2663	37	1
2664	0	1
2664	2	1
2664	12	1
2664	18	1
2664	19	1
2664	20	1
2665	23	1
2666	4	1
2667	32	1
2667	60	1
2667	2	1
2667	12	1
2667	22	1
2668	3	1
2668	4	1
2669	9	1
2669	30	1
2669	31	1
2670	0	1
2670	2	1
2671	42	1
2671	43	1
2671	4	1
2672	4	1
2673	4	1
2673	5	1
2674	27	1
2674	4	1
2675	4	1
2675	5	1
2676	0	1
2676	2	1
2677	4	1
2677	15	1
2678	4	1
2678	5	1
2679	4	1
2680	2	1
2681	2	1
2682	4	1
2683	2	1
2684	2	1
2685	2	1
2685	12	1
2686	17	1
2686	2	1
2687	2	1
2687	19	1
2687	6	1
2688	2	1
2689	4	1
2689	5	1
2690	2	1
2691	50	1
2691	51	1
2691	22	1
2692	17	1
2692	2	1
2693	0	1
2693	2	1
2694	4	1
2694	5	1
2695	4	1
2696	0	1
2696	32	1
2696	90	1
2696	2	1
2696	22	1
2697	4	1
2698	17	1
2698	2	1
2699	17	1
2699	2	1
2700	4	1
2700	5	1
2701	17	1
2701	2	1
2702	4	1
2702	5	1
2703	32	1
2703	10	1
2703	4	1
2703	5	1
2703	22	1
2704	2	1
2705	2	1
2706	16	1
2706	33	1
2706	4	1
2707	90	1
2707	4	1
2707	22	1
2708	18	1
2708	20	1
2708	2	1
2709	9	1
2709	35	1
2710	0	1
2710	17	1
2710	2	1
2710	20	1
2711	17	1
2711	2	1
2712	2	1
2713	23	1
2714	24	1
2714	59	1
2715	0	1
2715	18	1
2715	19	1
2715	20	1
2715	2	1
2716	4	1
2717	2	1
2718	4	1
2718	15	1
2719	2	1
2720	50	1
2720	51	1
2721	3	1
2721	4	1
2722	4	1
2722	5	1
2723	4	1
2723	5	1
2724	3	1
2724	4	1
2725	17	1
2725	18	1
2725	20	1
2725	2	1
2726	4	1
2726	5	1
2727	13	1
2728	4	1
2728	5	1
2729	2	1
2730	3	1
2730	4	1
2731	44	1
2731	45	1
2732	17	1
2732	2	1
2733	13	1
2734	23	1
2735	17	1
2735	2	1
2736	0	1
2736	2	1
2736	12	1
2737	4	1
2737	5	1
2738	0	1
2738	2	1
2738	12	1
2739	13	1
2740	13	1
2741	3	1
2741	4	1
2742	22	1
2743	56	1
2744	4	1
2744	5	1
2745	50	1
2745	51	1
2745	22	1
2746	33	1
2746	4	1
2746	14	1
2747	13	1
2748	1	1
2748	2	1
2748	12	1
2749	4	1
2750	23	1
2751	4	1
2751	5	1
2752	4	1
2753	17	1
2753	2	1
2754	25	1
2754	2	1
2754	12	1
2755	2	1
2756	18	1
2756	20	1
2756	2	1
2757	17	1
2757	2	1
2758	4	1
2758	5	1
2759	33	1
2759	4	1
2760	2	1
2761	4	1
2761	5	1
2762	0	1
2762	25	1
2762	2	1
2763	4	1
2764	9	1
2764	34	1
2764	31	1
2765	3	1
2765	4	1
2766	13	1
2767	0	1
2767	2	1
2767	20	1
2768	2	1
2768	20	1
2769	4	1
2770	4	1
2770	5	1
2771	13	1
2772	2	1
2772	20	1
2773	4	1
2773	15	1
2774	4	1
2774	5	1
2775	13	1
2776	2	1
2776	19	1
2776	12	1
2777	4	1
2777	5	1
2778	0	1
2778	25	1
2778	2	1
2778	19	1
2778	12	1
2779	0	1
2779	2	1
2779	12	1
2779	19	1
2779	25	1
2779	58	1
2780	45	1
2780	46	1
2780	13	1
2781	13	1
2782	0	1
2782	2	1
2782	12	1
2782	19	1
2782	25	1
2782	58	1
2783	0	1
2783	25	1
2783	2	1
2783	19	1
2783	12	1
2784	4	1
2784	5	1
2785	22	1
2786	0	1
2786	2	1
2787	2	1
2788	2	1
2789	13	1
2790	3	1
2790	4	1
2791	4	1
2792	28	1
2792	3	1
2792	4	1
2792	29	1
2793	17	1
2793	2	1
2794	3	1
2794	4	1
2795	2	1
2796	17	1
2796	2	1
2797	75	1
2797	45	1
2798	9	1
2798	35	1
2799	3	1
2799	4	1
2800	13	1
2801	9	1
2802	10	1
2802	4	1
2802	5	1
2803	25	1
2803	2	1
2803	12	1
2804	2	1
2804	19	1
2804	12	1
2805	33	1
2805	4	1
2806	50	1
2806	51	1
2807	2	1
2808	26	1
2808	2	1
2809	0	1
2809	18	1
2809	19	1
2809	20	1
2809	2	1
2810	4	1
2810	5	1
2810	14	1
2811	44	1
2811	45	1
2812	0	1
2812	2	1
2812	20	1
2813	3	1
2813	4	1
2814	4	1
2814	5	1
2815	13	1
2816	17	1
2816	2	1
2817	0	1
2817	18	1
2817	19	1
2817	20	1
2817	2	1
2818	3	1
2818	4	1
2819	28	1
2819	3	1
2819	4	1
2819	29	1
