0	0	7
1	0	7
2	0	224
2	1	87
2	2	30
3	0	94
3	1	10
3	2	10
4	0	5
4	1	1
4	2	1
5	0	7
6	0	91
6	1	9
6	2	10
7	0	5
7	1	1
7	2	1
8	0	568
8	1	279
8	2	101
9	0	110
9	1	18
9	2	14
10	0	475
10	1	169
10	2	74
11	0	7
12	0	7
13	0	7
14	0	7
15	0	14
15	1	1
16	0	430
16	1	212
16	2	63
17	0	87
17	1	8
17	2	10
18	0	60
18	1	8
18	2	9
19	0	13
19	1	13
19	2	13
20	0	13
20	1	13
20	2	13
21	0	3
21	1	3
21	2	3
22	0	3
22	1	3
22	2	3
23	0	62
23	1	27
23	2	12
24	0	1
24	1	1
24	2	1
25	0	10
25	1	22
25	2	3
26	0	9
26	1	8
26	2	2
27	0	3
27	1	3
27	2	3
28	0	3
28	1	3
28	2	3
29	0	4
29	1	4
29	2	4
30	0	1
30	1	1
30	2	1
31	0	1
31	1	1
31	2	1
32	0	1
32	1	1
32	2	1
33	0	462
33	1	262
33	2	88
34	0	13
34	1	13
34	2	13
35	0	13
35	1	13
35	2	13
36	0	13
36	1	13
36	2	13
37	0	17
37	1	13
37	2	13
38	0	15
38	1	14
38	2	13
39	0	49
39	1	20
39	2	14
40	0	59
40	1	33
40	2	15
41	0	13
41	1	13
41	2	13
42	1	1
43	1	1
44	1	1
45	1	2
46	1	8
47	1	12
48	0	62
48	1	34
48	2	9
49	1	1
50	1	1
51	1	1
52	1	6
53	1	1
54	1	1
55	1	1
56	1	1
57	1	1
58	0	87
58	1	109
58	2	13
59	1	1
60	0	6
60	1	1
61	1	1
62	0	4
62	1	1
62	2	5
63	1	2
64	0	14
64	1	14
64	2	5
65	1	8
66	0	79
66	1	50
66	2	28
67	0	9
67	1	5
67	2	5
68	1	1
69	0	4
70	0	4
71	0	4
72	0	4
72	1	2
73	0	43
73	1	21
73	2	12
74	0	51
74	1	18
74	2	27
75	0	5
75	1	1
76	0	2
77	0	56
77	1	21
77	2	10
78	0	1
79	0	6
79	2	1
80	0	2
81	0	4
82	0	2
83	0	2
84	0	2
85	0	4
86	0	4
87	0	4
87	1	1
88	0	5
88	1	2
88	2	1
89	0	93
89	1	47
89	2	28
90	0	15
90	1	1
90	2	1
91	0	11
92	0	4
93	0	19
93	1	13
93	2	10
94	0	4
94	1	1
95	0	4
95	1	1
96	0	1
97	0	3
97	1	1
98	0	2
98	1	1
99	0	3
99	1	3
100	0	1
101	0	1
102	0	1
103	0	1
104	0	1
105	0	1
106	0	19
106	1	18
107	0	2
108	0	19
108	1	18
109	0	1
110	0	1
111	0	3
112	0	1
113	0	23
113	1	11
113	2	9
114	0	1
115	0	1
116	0	1
117	0	1
118	0	1
119	0	1
120	0	1
121	0	19
121	1	18
122	0	19
122	1	18
123	0	21
123	1	18
123	2	1
124	0	21
124	1	18
124	2	1
125	0	20
125	1	18
126	0	22
126	1	19
126	2	1
127	0	30
127	1	19
127	2	2
128	0	19
128	1	15
128	2	1
129	0	27
129	1	23
129	2	2
130	0	21
130	1	18
131	0	1
132	0	1
133	0	1
134	0	2
134	2	1
135	0	78
135	1	15
135	2	5
136	0	3
136	1	1
136	2	2
137	0	1
138	0	1
139	0	2
139	2	1
140	0	1
141	0	1
142	0	1
142	2	1
143	0	1
144	0	1
145	0	1
146	0	13
146	1	9
146	2	8
147	0	3
147	2	1
148	0	33
148	1	33
148	2	1
149	0	20
149	1	18
150	0	1
150	1	1
150	2	1
151	0	1
151	1	1
151	2	1
152	0	66
152	1	31
152	2	9
153	0	2
153	1	2
153	2	1
154	0	2
154	1	2
154	2	1
155	0	1
155	1	1
155	2	1
156	0	1
156	1	1
156	2	1
157	0	5
157	1	5
157	2	5
158	0	2
158	1	2
158	2	1
159	0	2
159	1	2
159	2	1
160	1	1
161	1	1
162	1	1
163	0	16
163	1	14
163	2	3
164	1	1
165	1	8
166	1	1
167	0	11
167	1	11
168	1	1
169	1	1
170	1	1
171	1	1
172	1	1
173	1	1
174	0	1
174	1	1
175	1	1
176	1	1
177	1	1
178	1	1
179	1	1
180	0	5
180	1	6
180	2	4
181	0	5
181	1	6
181	2	4
182	1	1
183	1	1
184	1	1
185	0	33
185	1	36
185	2	11
186	1	7
187	1	7
188	0	2
188	1	24
189	1	7
190	0	1
191	0	1
192	0	1
193	0	1
194	0	1
195	0	20
195	1	18
195	2	5
196	0	1
197	0	1
198	0	2
199	0	1
200	0	2
201	0	1
202	0	1
203	0	3
203	2	6
204	0	1
205	0	1
206	0	1
207	0	1
208	0	1
209	0	51
209	1	16
209	2	2
210	0	11
211	0	1
212	0	1
213	0	1
214	0	18
214	1	11
214	2	6
215	0	1
216	0	2
217	0	1
218	0	1
219	0	1
220	0	1
221	0	6
222	0	1
223	0	1
224	0	7
225	0	3
225	1	2
226	0	1
227	0	4
228	0	4
229	0	1
230	0	47
230	1	26
230	2	8
231	0	2
231	2	1
232	0	2
233	0	2
233	2	1
234	0	1
235	0	1
236	0	2
236	2	1
237	0	2
238	0	2
239	0	2
239	2	1
240	0	4
241	0	4
242	0	5
242	1	3
242	2	1
243	0	16
243	1	9
243	2	4
244	0	9
244	1	4
244	2	1
245	0	3
245	2	3
246	0	3
246	2	3
247	0	2
247	2	2
248	0	6
248	1	1
248	2	1
249	0	1
249	2	1
250	0	2
250	2	2
251	0	2
251	2	2
252	0	1
252	2	1
253	0	1
253	2	1
254	0	3
254	2	3
255	0	3
255	2	3
256	0	20
256	1	3
256	2	3
257	0	3
257	1	1
257	2	3
258	0	3
258	2	3
259	0	9
259	1	3
259	2	6
260	0	3
260	1	1
260	2	6
261	0	3
261	1	1
261	2	6
262	0	7
262	2	1
263	0	7
263	2	1
264	0	35
264	1	15
264	2	6
265	0	38
265	1	21
265	2	6
266	0	74
266	1	33
266	2	10
267	0	33
267	1	24
267	2	8
268	0	33
268	1	15
268	2	6
269	0	35
269	1	18
269	2	6
270	0	3
270	1	3
270	2	3
271	0	1
271	1	1
271	2	1
272	0	3
272	1	1
272	2	1
273	0	5
273	1	6
273	2	1
274	0	2
274	1	2
274	2	2
275	0	2
275	1	2
275	2	2
276	0	2
276	1	2
276	2	2
277	0	2
277	1	2
277	2	2
278	0	2
278	1	2
278	2	2
279	0	2
279	1	2
279	2	2
280	0	2
280	1	2
280	2	2
281	0	2
281	1	2
281	2	2
282	0	6
282	1	4
282	2	4
283	0	1
284	0	7
284	1	2
284	2	2
285	0	1
286	0	2
287	0	1
288	0	1
289	0	17
289	1	10
289	2	1
290	0	1
291	0	1
292	0	7
292	1	2
292	2	2
293	0	1
294	0	1
295	0	1
296	0	1
297	0	1
298	0	6
298	1	9
298	2	4
299	0	1
299	1	1
300	0	1
301	0	1
302	0	1
303	0	1
304	0	14
304	1	2
304	2	6
305	0	7
305	1	2
305	2	2
306	0	4
306	2	1
307	0	4
307	2	1
308	0	2
309	0	2
310	0	2
311	0	1
312	0	9
313	0	18
313	1	11
313	2	3
314	0	1
315	0	1
316	0	2
317	0	2
318	0	6
319	0	6
320	0	2
321	0	2
322	0	2
323	0	2
323	1	1
324	0	2
325	0	5
326	0	5
327	0	90
327	1	41
327	2	23
328	0	10
329	0	1
330	0	6
331	0	7
332	0	5
332	1	1
333	0	3
334	0	5
334	1	1
334	2	1
335	0	1
336	0	5
337	0	5
338	0	5
338	1	1
339	0	13
339	2	1
340	0	38
340	1	13
341	0	5
342	0	91
342	1	30
343	0	10
343	1	2
343	2	1
344	0	1
344	1	1
344	2	1
345	0	1
345	1	1
345	2	1
346	0	1
346	1	1
346	2	1
347	0	1
347	1	1
347	2	1
348	0	3
348	1	2
348	2	2
349	0	1
349	1	1
349	2	1
350	0	1
350	1	1
350	2	1
351	0	1
351	1	1
351	2	1
352	0	1
352	1	1
352	2	1
353	0	1
353	1	1
353	2	1
354	0	1
354	1	1
354	2	1
355	0	23
355	1	23
356	0	23
356	1	23
357	0	1
357	1	1
358	0	1
358	1	1
359	0	1
359	1	3
359	2	2
360	0	1
360	1	1
361	0	1
361	1	1
362	0	1
362	1	1
363	0	1
363	1	1
364	0	1
364	1	1
365	0	2
365	1	2
366	0	1
366	1	1
367	0	1
367	1	1
368	0	23
368	1	23
369	0	23
369	1	23
370	0	23
370	1	23
371	0	23
371	1	23
372	0	26
372	1	23
373	0	23
373	1	23
374	0	46
374	1	36
374	2	1
375	0	23
375	1	23
376	0	3
376	1	3
377	0	3
377	1	3
378	0	3
378	1	3
379	0	1
379	1	1
380	0	1
380	1	1
381	0	1
381	1	1
382	0	1
382	1	1
383	0	1
383	1	1
384	0	3
384	1	3
385	0	1
385	1	1
386	0	4
386	1	3
387	0	3
387	1	3
388	0	4
388	1	3
389	0	3
389	1	3
390	0	12
390	1	6
391	0	3
391	1	3
392	0	5
392	1	13
392	2	2
393	0	3
393	1	3
394	0	3
394	1	3
395	0	5
395	1	3
395	2	1
396	0	12
396	1	6
396	2	3
397	0	3
397	1	3
397	2	1
398	0	46
398	1	26
398	2	8
399	0	5
399	1	3
399	2	1
400	0	6
400	1	4
400	2	2
401	0	1
401	1	1
401	2	1
402	0	1
402	1	1
402	2	1
403	0	1
403	1	1
403	2	1
404	0	1
404	1	1
404	2	1
405	0	3
405	1	2
406	0	1
407	0	4
407	1	2
407	2	3
408	0	6
409	0	6
410	0	5
410	2	1
411	0	5
412	0	4
412	2	1
413	0	6
414	0	6
415	0	7
416	0	10
416	1	1
416	2	1
417	0	8
418	0	6
419	0	6
420	0	6
421	0	6
422	0	27
422	2	1
423	0	1
423	1	1
424	0	3
424	1	3
425	0	1
425	1	1
426	0	1
426	1	1
426	2	1
427	0	1
427	1	1
428	0	5
429	0	5
430	0	5
431	0	5
432	0	7
433	0	7
434	0	6
435	0	5
436	0	7
436	1	7
437	0	7
437	1	7
438	0	1
438	1	1
439	0	6
439	1	3
439	2	1
440	0	12
440	1	6
440	2	2
441	0	2
441	1	1
442	0	1
442	1	1
443	0	1
443	1	1
444	0	2
444	1	2
445	0	1
445	1	1
446	0	1
446	1	1
447	0	1
447	1	1
448	0	7
448	1	7
449	0	7
449	1	7
450	0	7
450	1	7
451	0	7
451	1	7
452	0	7
452	1	7
453	0	9
453	1	9
454	0	4
455	0	4
456	0	1
457	0	4
457	1	1
458	0	13
458	1	10
458	2	3
459	0	2
460	0	2
460	1	1
460	2	2
461	0	1
462	0	1
463	0	1
463	2	1
464	0	3
465	0	2
466	0	1
466	2	1
467	0	4
468	0	4
469	0	8
470	0	6
470	1	1
471	0	6
471	1	3
472	0	10
472	1	5
472	2	7
473	0	10
473	1	5
473	2	1
474	2	3
475	2	3
476	0	1
476	2	2
477	2	1
478	0	1
478	1	1
478	2	1
479	2	2
480	2	2
481	2	1
482	2	1
483	2	3
484	0	8
484	1	1
484	2	6
485	2	3
486	2	3
487	2	3
488	0	5
489	0	5
490	0	1
491	0	1
492	0	13
492	1	4
492	2	2
493	0	2
494	0	1
495	0	1
496	0	4
497	0	2
498	0	2
499	0	4
500	0	5
501	0	10
501	1	4
502	0	5
503	0	5
504	0	7
505	0	5
505	1	3
506	0	8
507	0	10
507	2	1
508	0	3
509	0	3
510	0	3
511	0	2
512	0	2
513	0	3
514	0	3
515	0	3
516	0	3
516	1	1
517	0	7
517	1	2
517	2	3
518	0	3
518	1	1
519	0	4
520	0	4
521	0	1
522	0	1
523	0	1
524	0	1
525	0	2
526	0	1
527	0	1
528	0	1
529	0	4
530	0	6
531	0	6
532	0	6
532	1	2
533	0	4
534	0	4
535	0	4
536	0	4
537	0	4
538	0	10
538	2	1
539	0	1
540	0	3
540	2	1
541	0	1
542	0	1
543	0	1
544	0	1
545	0	2
546	0	1
547	0	1
548	0	1
549	0	1
550	0	3
551	0	1
552	0	1
553	0	9
553	1	16
553	2	2
554	0	4
555	0	1
556	0	1
557	0	1
558	0	1
559	0	1
560	0	4
561	0	1
562	0	1
563	0	1
564	0	2
564	1	1
565	0	6
566	0	6
567	0	6
567	1	7
568	0	3
569	0	1
569	1	1
569	2	1
570	0	1
570	1	1
570	2	1
571	0	1
571	1	1
571	2	1
572	0	1
572	1	1
572	2	1
573	0	2
574	0	2
575	0	2
576	0	2
577	0	2
578	0	2
579	0	2
580	0	7
580	1	2
580	2	2
581	0	12
581	1	2
581	2	12
582	0	3
583	0	2
584	0	2
585	0	2
586	0	2
587	0	15
587	1	27
587	2	1
588	0	2
588	1	4
589	0	7
589	1	3
590	0	9
590	1	5
591	0	2
592	0	2
593	0	28
593	1	11
593	2	7
594	0	1
595	0	1
596	0	1
597	0	1
598	0	1
599	0	2
600	0	2
601	0	2
602	0	2
603	0	5
603	1	1
604	0	6
604	1	2
605	0	5
605	1	3
606	0	11
607	1	2
608	1	2
609	1	2
610	0	1
610	1	2
611	0	1
611	1	2
612	0	2
612	1	4
613	1	1
614	0	1
614	1	2
615	1	1
616	1	1
617	1	2
618	1	1
619	1	1
620	1	1
621	1	2
622	1	2
623	0	8
623	1	3
624	1	2
625	1	2
626	1	2
627	0	1
628	0	1
629	0	1
630	0	1
631	0	1
632	0	1
633	0	1
634	0	1
635	0	1
636	0	1
637	0	1
638	0	1
639	0	1
640	0	6
641	0	4
641	1	1
642	0	1
642	1	1
643	0	1
644	0	1
645	0	1
645	1	1
646	0	1
647	0	1
648	0	1
649	0	1
650	0	1
651	0	1
652	0	1
653	0	1
654	0	2
654	1	4
655	0	20
655	1	18
656	0	1
657	0	1
658	0	1
659	0	1
660	0	2
661	0	1
662	0	1
663	0	1
664	0	1
665	0	1
666	0	1
667	0	2
667	1	1
668	0	2
669	0	1
670	0	2
670	2	2
671	0	1
672	0	1
673	0	1
674	0	1
674	2	1
675	0	1
676	0	1
677	0	5
678	0	5
679	0	8
680	0	7
680	1	2
681	0	2
682	0	1
682	2	1
683	0	18
683	1	1
683	2	5
684	0	4
684	2	4
685	0	2
686	0	2
687	0	2
688	0	7
688	1	3
688	2	2
689	0	2
690	0	3
690	1	1
691	0	2
692	0	4
692	1	1
693	0	2
694	0	2
695	0	2
696	0	2
697	0	2
698	0	2
699	0	2
700	0	2
701	0	2
702	0	2
702	1	1
703	0	3
703	1	1
703	2	1
704	0	2
705	0	9
705	1	7
706	0	9
706	1	1
707	0	2
708	0	13
708	1	13
709	0	13
709	1	13
710	0	2
710	1	2
711	0	2
711	1	2
712	0	4
712	1	3
713	0	2
713	1	2
714	0	2
714	1	2
715	0	2
715	1	2
716	0	2
716	1	2
717	0	3
717	1	3
718	0	2
718	1	2
719	0	13
719	1	13
720	0	13
720	1	13
721	0	13
721	1	14
722	0	13
722	1	13
723	0	2
723	1	2
724	0	2
724	1	2
725	0	2
725	1	2
726	0	2
726	1	2
727	0	4
727	1	4
728	0	2
728	1	2
729	0	2
729	1	2
730	0	2
730	1	2
731	0	7
732	0	7
733	0	7
734	0	6
735	0	26
735	1	4
735	2	3
736	0	6
737	0	8
737	2	2
738	0	7
739	0	7
740	0	3
741	0	7
742	0	7
743	0	7
744	0	7
745	0	7
746	0	7
747	0	8
748	0	7
749	0	7
750	0	10
750	1	5
750	2	3
751	0	1
751	1	4
751	2	1
752	0	1
752	1	1
752	2	1
753	0	1
753	1	1
753	2	1
754	0	1
754	1	1
754	2	1
755	0	4
755	1	2
756	0	1
756	1	1
757	0	3
757	1	2
757	2	1
758	0	1
758	1	1
759	0	1
759	1	1
760	0	1
760	1	1
761	0	1
761	1	1
762	0	1
762	1	1
763	0	1
763	1	1
764	0	2
764	1	1
765	0	3
765	1	3
765	2	1
766	0	9
766	1	9
766	2	1
767	0	3
767	1	3
768	0	1
768	1	1
769	0	1
769	1	1
770	0	1
770	1	1
771	0	3
772	0	3
773	0	3
774	0	8
774	1	3
774	2	1
775	0	3
776	0	3
777	0	7
777	1	2
777	2	1
778	0	3
779	0	3
780	0	4
781	0	3
782	0	6
782	1	3
783	0	10
783	1	3
783	2	5
784	0	7
784	1	3
785	0	6
785	1	6
786	0	6
786	1	6
787	0	1
787	1	1
788	0	1
788	1	1
789	0	3
789	1	3
790	0	2
790	1	2
791	0	6
791	1	6
792	0	6
792	1	6
793	0	6
793	1	6
794	0	6
794	1	6
795	0	6
795	1	7
796	0	6
796	1	7
797	0	11
797	1	6
797	2	7
798	0	8
798	1	6
799	0	9
800	0	9
801	1	1
802	1	1
803	1	1
804	1	1
805	0	2
805	1	5
805	2	2
806	1	1
807	1	1
808	1	1
809	1	1
810	1	1
811	0	1
811	1	3
811	2	1
812	0	1
812	1	1
812	2	1
813	0	1
813	1	1
814	1	1
815	1	1
816	0	3
816	1	2
816	2	1
817	1	1
818	0	1
818	1	9
819	0	12
819	1	8
819	2	1
820	0	2
820	1	1
821	0	11
821	1	7
821	2	1
822	0	3
822	1	1
823	0	1
823	1	1
824	0	2
824	1	1
825	0	1
825	1	1
826	0	1
826	1	1
827	0	1
827	1	1
828	0	1
828	1	1
829	0	1
830	0	1
831	0	1
832	0	1
833	0	1
834	0	1
835	0	1
836	0	2
837	0	1
838	0	1
839	0	12
839	1	4
839	2	1
840	0	2
841	0	1
842	0	1
843	0	1
844	0	1
845	0	1
846	0	1
847	0	1
848	0	1
849	0	2
850	0	7
850	2	1
851	0	1
852	1	1
853	1	2
854	1	1
855	0	1
855	1	3
856	1	1
857	1	1
858	0	1
858	1	3
859	0	5
859	1	7
859	2	4
860	1	1
861	1	1
862	1	2
863	1	2
864	0	2
864	1	14
864	2	1
865	0	4
865	1	10
865	2	1
866	0	8
866	1	8
866	2	8
867	0	8
867	1	8
867	2	8
868	0	1
868	1	1
868	2	1
869	0	1
869	1	1
869	2	1
870	0	1
870	1	1
870	2	1
871	0	12
871	1	3
871	2	3
872	0	1
872	1	1
872	2	1
873	0	1
873	1	1
873	2	1
874	0	5
874	1	5
874	2	5
875	0	1
875	1	1
875	2	1
876	0	1
876	1	1
876	2	1
877	0	8
877	1	8
877	2	8
878	0	9
878	1	9
878	2	8
879	0	9
879	1	9
879	2	8
880	0	8
880	1	8
880	2	8
881	0	8
881	1	8
881	2	8
882	0	8
882	1	8
882	2	8
883	0	66
883	1	22
883	2	21
884	0	8
884	1	10
884	2	8
885	0	11
885	1	2
885	2	2
886	0	3
886	1	3
887	0	1
887	1	1
888	0	1
888	1	1
889	0	1
889	1	1
890	0	1
890	1	1
891	0	1
891	1	1
892	0	2
892	1	2
893	0	1
893	1	1
894	0	2
894	1	2
895	0	1
895	1	1
896	0	1
896	1	1
897	0	10
897	1	16
897	2	1
898	0	1
898	1	1
899	0	2
899	1	2
900	0	4
900	1	5
901	0	1
901	1	1
902	0	1
902	1	1
903	0	1
903	1	2
904	1	1
905	1	1
906	1	1
907	1	1
908	0	4
908	1	11
909	1	1
910	1	1
911	0	1
911	1	6
912	0	2
912	1	10
913	1	1
914	1	1
915	1	1
916	1	2
917	0	4
917	1	7
917	2	4
918	0	1
918	1	13
919	0	13
919	1	8
920	0	1
920	1	1
921	1	8
922	1	1
923	1	1
924	1	1
925	0	4
925	1	1
925	2	1
926	1	2
927	0	1
927	1	1
928	1	1
929	1	1
930	1	1
931	1	1
932	1	1
933	0	1
933	1	1
934	1	1
935	1	1
936	0	3
936	1	1
937	1	1
938	0	22
938	1	3
939	0	8
939	1	2
940	0	1
940	1	1
941	0	1
941	1	1
942	0	1
942	1	1
943	0	1
943	1	1
944	0	6
945	0	6
946	0	1
947	0	1
948	0	1
949	0	1
950	0	1
951	0	6
952	0	6
953	0	7
954	0	7
955	0	6
956	0	14
956	1	10
956	2	7
957	0	9
957	1	2
957	2	1
958	0	1
958	1	1
959	0	1
959	1	1
960	0	1
960	1	1
961	0	1
961	1	1
962	0	3
962	1	2
963	0	2
963	1	2
964	0	1
964	1	1
965	0	5
965	1	4
966	0	2
966	1	1
967	0	1
967	1	1
968	0	1
968	1	1
969	0	1
969	1	1
970	0	4
970	1	4
971	0	7
971	1	7
972	0	4
972	1	3
973	0	1
973	1	1
974	0	1
974	1	1
975	0	1
975	1	1
976	0	2
976	1	2
976	2	1
977	0	3
977	1	2
977	2	1
978	0	1
978	1	1
979	0	1
979	1	1
980	0	1
980	1	1
981	0	1
981	1	1
982	0	1
982	1	1
983	0	1
983	1	1
984	0	1
984	1	1
985	0	6
986	0	6
987	0	11
987	1	3
987	2	4
988	0	3
989	0	10
989	1	2
989	2	3
990	0	6
991	0	6
992	0	6
993	0	7
994	0	6
995	0	13
996	0	13
997	0	1
997	1	1
998	0	1
999	0	6
1000	0	2
1001	0	1
1002	0	1
1003	0	15
1004	0	21
1004	1	1
1004	2	8
1005	0	17
1005	1	1
1006	0	13
1007	0	2
1008	0	2
1009	0	2
1010	0	3
1011	0	1
1012	0	2
1013	0	2
1014	0	2
1015	0	2
1016	0	1
1017	0	1
1018	0	1
1019	0	2
1019	1	2
1020	0	2
1020	1	3
1021	0	2
1022	0	6
1023	0	6
1024	0	1
1025	0	1
1026	0	1
1027	0	3
1028	0	1
1029	0	7
1029	1	1
1029	2	2
1030	0	1
1031	0	6
1032	0	6
1033	0	6
1034	0	9
1035	0	9
1036	0	7
1037	0	7
1037	1	1
1037	2	1
1038	0	9
1039	0	5
1040	0	6
1040	2	1
1041	0	5
1041	1	1
1041	2	1
1042	0	1
1043	0	2
1044	0	1
1045	0	6
1045	1	2
1046	0	6
1046	1	2
1047	0	7
1047	2	1
1048	0	1
1048	1	1
1049	0	1
1049	1	1
1050	0	1
1050	1	1
1051	0	1
1051	1	1
1052	0	1
1052	1	1
1053	0	1
1053	1	1
1054	0	1
1054	1	1
1055	0	1
1055	1	1
1056	0	3
1056	1	2
1056	2	1
1057	0	6
1058	0	6
1059	0	1
1060	0	1
1061	0	2
1061	1	1
1062	0	1
1063	0	1
1064	0	1
1065	0	6
1066	0	6
1067	0	6
1068	0	6
1069	0	6
1070	0	14
1070	1	8
1071	0	1
1071	1	2
1072	1	1
1073	0	1
1073	1	2
1074	1	1
1075	1	1
1076	1	2
1077	1	1
1078	1	1
1079	1	1
1080	1	1
1081	1	1
1082	1	1
1083	0	1
1083	1	2
1084	0	1
1084	1	2
1085	0	2
1085	1	3
1086	0	2
1086	1	2
1087	0	1
1087	1	2
1088	0	1
1089	0	1
1090	0	2
1091	0	2
1092	0	1
1092	1	8
1093	0	2
1094	0	2
1095	0	2
1096	0	1
1097	0	1
1097	1	7
1098	0	9
1098	1	7
1099	0	1
1100	0	1
1101	0	4
1101	1	1
1102	0	1
1102	1	1
1103	0	1
1104	0	4
1105	0	1
1106	0	10
1107	0	10
1108	0	1
1109	0	2
1109	1	1
1110	0	1
1111	0	8
1112	0	1
1113	0	14
1114	0	14
1114	1	1
1115	0	14
1115	2	1
1116	0	11
1117	0	16
1118	0	24
1118	1	3
1118	2	5
1119	1	1
1120	1	1
1121	1	1
1122	0	2
1122	1	2
1123	1	1
1124	1	1
1125	0	1
1125	1	2
1126	0	1
1126	1	1
1126	2	1
1127	1	1
1128	1	1
1129	1	1
1130	1	1
1131	0	1
1131	1	1
1132	0	8
1132	2	8
1133	0	8
1133	2	8
1134	0	1
1134	2	1
1135	0	1
1135	2	1
1136	0	1
1136	2	1
1137	0	1
1137	2	1
1138	0	1
1138	2	1
1139	0	1
1139	2	1
1140	0	3
1140	1	1
1140	2	2
1141	0	1
1141	2	1
1142	0	1
1142	2	1
1143	0	8
1143	2	8
1144	0	8
1144	2	8
1145	0	12
1145	1	1
1145	2	9
1146	0	8
1146	2	8
1147	0	14
1147	1	1
1147	2	10
1148	0	20
1148	1	1
1148	2	8
1149	0	1
1150	0	1
1151	0	1
1152	0	1
1153	0	1
1154	0	1
1155	0	1
1156	0	1
1157	0	1
1158	0	1
1159	0	1
1160	0	1
1161	0	1
1162	0	1
1163	0	1
1164	0	3
1165	0	4
1165	1	1
1165	2	1
1166	0	4
1166	1	1
1166	2	1
1167	0	1
1168	0	1
1169	1	3
1170	1	3
1171	1	3
1172	1	1
1173	1	1
1174	1	1
1175	1	1
1176	1	1
1177	1	1
1178	1	3
1179	1	2
1180	1	1
1181	1	1
1182	1	3
1183	1	3
1184	1	3
1185	1	3
1186	1	3
1187	2	6
1188	2	2
1189	2	6
1190	2	1
1191	2	1
1192	2	2
1193	2	2
1194	2	1
1195	2	1
1196	2	1
1197	0	3
1197	1	1
1197	2	6
1198	2	6
1199	0	9
1199	1	2
1199	2	6
1200	0	5
1200	2	7
1201	2	4
1202	2	6
1203	0	1
1204	0	3
1204	1	1
1204	2	2
1205	0	1
1206	0	3
1207	0	1
1208	0	2
1208	2	1
1209	0	1
1210	0	1
1211	0	1
1212	0	1
1213	0	1
1214	0	1
1215	0	1
1216	0	1
1217	0	1
1218	0	4
1219	0	1
1220	0	1
1221	2	2
1222	2	2
1223	0	1
1223	2	6
1224	2	1
1225	2	1
1226	1	1
1226	2	2
1227	2	1
1228	2	1
1229	2	2
1230	2	2
1231	2	1
1232	2	1
1233	2	1
1234	0	2
1234	2	6
1235	0	5
1235	2	6
1236	2	3
1237	2	2
1238	2	2
1239	2	2
1240	2	2
1241	0	1
1241	2	7
1242	2	2
1243	2	2
1244	0	1
1244	2	6
1245	0	1
1245	2	6
1246	0	2
1247	0	2
1248	0	1
1249	0	2
1249	1	1
1250	0	3
1250	1	2
1250	2	3
1251	0	2
1251	2	3
1252	0	2
1253	0	2
1254	0	2
1255	0	2
1255	1	2
1256	0	5
1257	0	4
1258	0	4
1259	0	6
1259	1	4
1259	2	2
1260	0	5
1261	0	2
1261	1	1
1262	0	2
1263	0	1
1264	0	1
1265	0	5
1266	0	5
1266	1	2
1266	2	1
1267	0	5
1268	0	4
1269	0	4
1270	0	17
1270	1	2
1271	0	14
1271	1	2
1272	0	8
1273	0	8
1274	0	3
1275	0	3
1275	2	1
1276	0	3
1276	1	2
1277	0	1
1278	0	1
1279	0	2
1279	1	1
1279	2	4
1280	0	3
1281	0	2
1282	0	1
1283	0	8
1283	1	2
1283	2	3
1284	0	6
1285	0	11
1285	1	3
1286	0	3
1286	2	1
1287	1	1
1288	1	4
1289	1	1
1290	0	1
1290	1	1
1291	1	3
1292	1	1
1293	1	1
1294	1	1
1295	1	1
1296	1	1
1297	1	2
1298	1	1
1299	0	2
1299	1	2
1300	1	2
1301	1	1
1302	1	1
1302	2	1
1303	0	9
1303	1	6
1303	2	1
1304	0	1
1304	1	4
1305	0	1
1306	0	1
1307	0	3
1308	0	1
1308	2	1
1309	0	1
1310	0	1
1311	0	1
1312	0	1
1313	0	1
1314	0	1
1315	0	1
1316	0	1
1317	0	1
1318	0	1
1318	1	1
1318	2	1
1319	0	1
1320	0	1
1321	0	1
1321	1	3
1322	0	1
1323	0	1
1324	0	1
1325	0	1
1326	0	1
1327	0	1
1328	0	1
1329	0	1
1330	0	1
1331	0	1
1332	0	1
1333	0	2
1334	0	1
1335	0	1
1335	1	1
1336	0	3
1336	2	1
1337	0	1
1338	0	1
1339	0	1
1340	0	8
1340	2	3
1341	0	1
1341	1	1
1342	0	1
1342	1	1
1343	0	1
1343	1	1
1344	0	1
1344	1	1
1345	0	1
1345	1	1
1346	0	1
1346	1	1
1347	0	1
1347	1	1
1348	0	1
1348	1	1
1349	0	8
1349	1	8
1350	0	1
1350	1	1
1351	0	1
1351	1	1
1352	0	6
1353	0	6
1354	0	1
1355	0	2
1356	0	1
1357	0	1
1358	1	1
1359	1	1
1360	1	1
1361	0	1
1361	1	2
1361	2	1
1362	1	1
1363	1	1
1364	1	1
1365	1	1
1366	1	1
1367	1	1
1368	1	1
1369	0	1
1369	1	1
1370	1	1
1371	1	1
1372	0	2
1372	1	1
1372	2	3
1373	0	1
1373	1	1
1374	0	1
1375	0	1
1376	0	1
1377	0	1
1378	0	3
1379	0	1
1380	0	1
1381	0	1
1382	0	1
1383	0	6
1383	1	2
1383	2	2
1384	0	3
1385	0	3
1385	2	1
1386	0	3
1387	0	1
1388	0	4
1388	2	7
1389	0	1
1390	0	7
1390	1	4
1390	2	9
1391	0	1
1392	0	3
1393	0	3
1394	0	1
1395	0	1
1396	0	2
1397	0	3
1398	0	3
1399	0	3
1399	1	2
1400	0	3
1401	0	3
1402	0	4
1402	1	1
1402	2	1
1403	0	4
1403	1	1
1403	2	1
1404	0	1
1405	0	1
1406	0	1
1407	0	1
1408	0	4
1408	1	4
1408	2	2
1409	0	1
1410	0	1
1411	0	1
1412	0	1
1413	0	1
1414	0	1
1415	0	1
1416	0	3
1416	1	3
1416	2	1
1417	0	2
1418	0	2
1419	0	8
1419	1	1
1420	0	2
1421	0	8
1421	1	1
1422	0	2
1423	0	2
1424	0	2
1425	0	2
1426	0	2
1427	0	2
1428	0	6
1429	0	6
1430	0	6
1431	0	1
1432	0	2
1432	1	1
1432	2	1
1433	0	1
1434	0	1
1435	0	4
1436	0	6
1437	0	1
1438	0	2
1438	1	1
1438	2	1
1439	0	2
1439	1	1
1439	2	1
1440	0	6
1441	0	8
1441	1	3
1441	2	3
1442	0	8
1442	1	2
1443	0	7
1443	1	6
1444	0	8
1445	0	6
1446	0	4
1447	0	4
1448	0	1
1448	2	1
1449	0	1
1450	0	1
1451	0	1
1451	2	1
1452	0	2
1452	1	1
1453	0	1
1454	0	1
1455	0	1
1456	0	5
1457	0	5
1458	0	4
1459	0	4
1460	0	4
1461	0	4
1462	0	4
1463	0	4
1463	1	1
1464	0	11
1465	0	5
1466	0	6
1466	2	4
1467	0	4
1468	0	1
1468	1	2
1468	2	1
1469	1	1
1470	0	1
1470	1	2
1470	2	1
1471	0	1
1471	1	1
1472	1	1
1473	1	1
1474	1	1
1475	1	1
1476	0	1
1476	1	2
1476	2	1
1477	0	1
1477	1	2
1477	2	1
1478	0	1
1478	1	3
1478	2	1
1479	0	3
1479	1	3
1479	2	1
1480	0	2
1481	0	2
1482	0	18
1482	1	4
1482	2	1
1483	0	2
1483	1	3
1484	0	1
1485	0	1
1486	0	1
1487	0	1
1488	0	4
1488	1	2
1489	0	2
1490	0	2
1491	0	2
1492	0	5
1492	1	2
1492	2	2
1493	0	4
1493	1	2
1494	0	5
1495	1	1
1496	1	1
1497	1	1
1498	1	1
1499	1	1
1500	1	1
1501	1	1
1502	1	1
1503	0	1
1503	1	1
1504	0	2
1504	1	1
1505	1	1
1506	1	5
1507	0	18
1507	1	18
1508	0	18
1508	1	18
1509	0	1
1509	1	1
1510	0	1
1510	1	1
1511	0	1
1511	1	1
1512	0	1
1512	1	1
1513	0	1
1513	1	1
1514	0	1
1514	1	1
1515	0	18
1515	1	18
1516	0	22
1516	1	23
1516	2	4
1517	0	18
1517	1	18
1518	0	18
1518	1	19
1519	0	18
1519	1	18
1520	0	4
1520	1	4
1521	0	4
1521	1	4
1522	0	3
1522	1	2
1523	0	1
1523	1	1
1524	0	2
1524	1	2
1525	0	1
1525	1	1
1526	0	1
1526	1	1
1527	0	4
1527	1	4
1528	0	4
1528	1	4
1529	0	4
1529	1	4
1530	0	6
1530	1	4
1531	0	4
1531	1	5
1532	0	13
1532	1	5
1532	2	6
1533	0	7
1533	1	4
1533	2	3
1534	1	1
1535	1	2
1536	1	1
1537	0	1
1537	1	1
1538	1	1
1539	1	1
1540	1	1
1541	0	1
1541	1	1
1542	1	1
1543	1	1
1544	1	1
1545	0	1
1545	1	4
1546	0	1
1546	1	2
1547	0	1
1547	1	4
1547	2	1
1548	1	2
1548	2	1
1549	0	1
1550	0	1
1551	0	1
1551	1	1
1552	0	1
1553	0	1
1554	0	1
1555	0	1
1556	0	1
1556	1	1
1557	0	1
1558	0	1
1559	0	1
1560	0	3
1560	1	2
1561	0	1
1562	0	1
1563	0	1
1564	0	1
1565	0	1
1566	0	1
1567	0	1
1568	0	1
1569	0	1
1570	0	1
1571	0	1
1572	0	1
1573	0	1
1574	0	1
1575	1	1
1576	1	1
1577	1	1
1578	1	3
1579	1	1
1580	1	1
1581	1	3
1582	0	3
1582	1	3
1583	1	1
1584	1	1
1585	1	1
1586	0	1
1586	1	1
1587	0	1
1587	1	2
1587	2	1
1588	1	1
1589	0	4
1590	0	4
1591	0	1
1592	0	1
1593	0	1
1594	0	2
1594	1	1
1595	0	1
1596	0	1
1597	0	4
1598	0	1
1599	0	1
1600	0	4
1601	0	4
1602	0	4
1602	1	1
1603	0	4
1603	1	1
1604	0	4
1604	1	1
1605	0	5
1606	0	5
1607	0	7
1607	2	3
1608	0	1
1608	1	1
1609	0	4
1609	1	3
1610	0	1
1610	1	1
1611	0	1
1611	1	1
1612	0	2
1612	1	2
1613	0	4
1613	1	4
1614	0	3
1614	1	3
1615	0	4
1615	1	3
1616	0	1
1616	1	1
1617	0	1
1617	1	1
1618	0	4
1618	1	3
1619	0	3
1619	1	3
1620	0	1
1620	1	1
1621	0	1
1621	1	1
1622	0	1
1623	0	1
1624	0	1
1624	1	1
1625	0	1
1626	0	3
1626	1	3
1627	0	1
1627	1	1
1628	0	1
1628	1	1
1629	0	2
1629	1	1
1630	0	6
1630	1	6
1630	2	1
1631	0	6
1631	1	2
1632	0	1
1632	1	1
1633	0	1
1633	1	1
1634	0	1
1634	1	1
1635	0	1
1635	1	1
1636	0	1
1636	1	1
1637	0	1
1637	1	1
1638	0	3
1638	1	3
1639	0	1
1639	1	1
1640	0	1
1640	1	1
1641	0	1
1641	1	1
1642	0	1
1642	1	1
1643	0	1
1643	1	1
1644	0	1
1644	1	1
1645	0	1
1646	0	1
1647	0	5
1647	1	2
1647	2	3
1648	0	1
1649	0	1
1650	0	1
1651	0	1
1652	0	1
1652	1	1
1653	0	1
1653	1	1
1654	0	1
1654	1	1
1655	0	1
1655	1	1
1656	0	1
1656	1	1
1657	0	1
1657	1	1
1658	0	1
1658	1	1
1659	0	1
1659	1	1
1660	0	1
1660	1	1
1661	0	1
1661	1	1
1662	0	1
1662	1	1
1663	0	3
1663	1	1
1664	0	1
1664	1	2
1665	0	6
1665	1	4
1666	0	4
1666	1	2
1667	0	1
1667	1	3
1668	0	1
1668	1	1
1669	0	1
1669	1	1
1670	0	3
1670	1	3
1671	0	1
1671	1	1
1672	0	1
1672	1	1
1673	0	1
1673	2	1
1674	0	1
1674	2	1
1675	0	1
1675	2	1
1676	0	2
1676	2	2
1677	0	1
1677	2	1
1678	0	1
1678	2	1
1679	0	1
1679	2	1
1680	0	1
1680	2	1
1681	0	1
1681	2	1
1682	0	1
1682	2	1
1683	0	1
1683	1	1
1684	0	1
1684	1	1
1685	0	1
1685	1	1
1686	0	2
1686	1	1
1687	0	1
1687	1	1
1688	0	1
1688	1	1
1689	0	1
1689	1	1
1690	0	1
1690	1	1
1691	0	1
1691	1	1
1692	0	1
1692	1	1
1693	0	1
1693	1	1
1694	0	1
1694	1	1
1695	0	1
1695	1	1
1696	0	13
1696	1	7
1696	2	6
1697	0	2
1697	1	1
1698	0	1
1698	1	1
1699	0	1
1699	1	1
1700	0	1
1700	1	1
1701	0	1
1701	1	1
1702	0	2
1702	1	1
1703	0	1
1704	0	4
1704	1	2
1705	0	1
1706	0	1
1707	0	1
1708	0	1
1709	0	5
1710	0	2
1711	0	1
1712	0	1
1712	1	1
1713	0	1
1713	1	1
1714	0	2
1714	1	2
1715	0	2
1715	1	2
1716	0	1
1716	1	1
1717	0	1
1717	1	1
1718	0	2
1718	1	2
1719	0	1
1719	1	1
1720	0	1
1720	1	1
1721	0	1
1721	1	1
1722	0	1
1722	1	1
1723	0	1
1723	1	1
1724	0	3
1724	1	3
1725	0	4
1725	2	4
1726	0	4
1726	2	4
1727	0	4
1727	2	4
1728	0	4
1728	2	4
1729	0	4
1729	2	4
1730	0	4
1730	2	4
1731	0	4
1731	2	4
1732	0	4
1732	2	4
1733	1	3
1734	1	3
1735	1	1
1736	1	1
1737	1	1
1738	1	1
1739	1	1
1740	1	3
1741	1	2
1742	1	3
1742	2	1
1743	1	1
1744	1	3
1745	1	3
1746	1	3
1747	0	3
1747	1	3
1748	1	3
1749	0	1
1749	1	3
1750	0	2
1751	0	2
1752	0	12
1752	2	1
1753	0	2
1754	0	10
1755	0	2
1756	0	2
1757	0	2
1758	0	2
1759	0	1
1760	0	1
1761	0	2
1761	1	1
1761	2	1
1762	0	1
1763	0	2
1763	1	1
1764	0	1
1765	0	1
1766	0	1
1767	0	1
1768	0	1
1769	0	1
1770	0	1
1771	0	1
1772	0	1
1773	0	1
1774	0	1
1775	0	1
1776	0	1
1777	0	1
1778	0	1
1779	0	1
1779	1	1
1779	2	1
1780	0	1
1780	1	1
1780	2	1
1781	0	1
1781	1	1
1781	2	1
1782	0	1
1782	1	1
1782	2	1
1783	1	1
1783	2	1
1784	1	1
1784	2	1
1785	1	1
1785	2	1
1786	1	1
1786	2	1
1787	1	1
1787	2	1
1788	1	2
1788	2	2
1789	1	1
1789	2	1
1790	1	1
1790	2	1
1791	1	1
1791	2	1
1792	1	1
1792	2	1
1793	0	3
1793	1	3
1793	2	2
1794	0	2
1794	1	1
1794	2	1
1795	0	2
1796	0	2
1797	0	1
1798	0	2
1799	0	2
1800	0	1
1801	0	1
1802	0	1
1803	0	1
1804	0	1
1805	0	2
1806	0	2
1807	0	2
1808	0	1
1808	1	1
1809	0	3
1809	1	3
1810	0	1
1810	1	1
1811	0	1
1811	1	1
1812	0	1
1812	1	1
1813	0	3
1813	1	1
1813	2	1
1814	0	1
1814	1	1
1815	0	1
1815	1	1
1816	0	1
1816	1	1
1817	0	3
1817	1	3
1818	0	1
1818	1	1
1819	0	1
1820	0	1
1821	1	1
1822	1	1
1823	1	1
1824	1	1
1825	1	1
1826	1	1
1827	1	2
1828	0	1
1828	1	1
1829	0	2
1829	1	1
1830	1	1
1831	1	1
1832	0	1
1833	0	1
1834	0	1
1835	0	1
1836	0	1
1837	0	1
1838	0	1
1839	0	2
1839	1	1
1839	2	1
1840	0	1
1840	1	1
1840	2	1
1841	0	1
1841	1	1
1841	2	1
1842	0	1
1842	1	1
1842	2	1
1843	0	1
1843	1	1
1843	2	1
1844	0	1
1844	1	1
1844	2	1
1845	0	1
1845	1	1
1845	2	1
1846	1	1
1847	1	1
1848	1	1
1849	1	1
1850	1	1
1851	1	1
1852	1	1
1853	1	1
1854	1	1
1855	1	1
1856	1	1
1857	1	1
1858	1	1
1859	1	1
1860	0	1
1861	0	1
1862	0	1
1863	0	1
1864	0	3
1865	0	3
1866	0	3
1867	0	3
1868	0	3
1869	0	3
1870	0	6
1871	0	3
1872	0	3
1873	0	3
1874	0	3
1874	1	2
1875	0	3
1875	1	2
1876	0	1
1877	0	2
1878	0	3
1878	1	2
1879	0	3
1879	1	2
1880	0	3
1881	0	3
1882	0	3
1883	0	4
1884	0	3
1885	0	1
1886	0	1
1887	0	1
1888	0	1
1889	0	1
1890	1	1
1891	1	3
1892	1	1
1893	1	1
1894	0	1
1894	1	1
1895	1	1
1896	1	1
1897	1	1
1898	1	1
1899	0	1
1899	1	1
1900	1	1
1901	1	1
1902	1	1
1903	1	1
1904	1	1
1905	0	2
1905	1	4
1905	2	1
1906	0	1
1906	1	2
1907	0	1
1907	1	2
1908	0	1
1908	1	1
1909	0	1
1909	1	1
1910	0	1
1910	1	1
1911	0	1
1911	1	1
1912	0	1
1912	1	1
1913	0	1
1913	1	1
1914	0	1
1914	1	1
1915	0	1
1915	1	1
1916	0	1
1916	1	1
1917	0	1
1917	1	1
1918	0	1
1919	0	1
1920	0	2
1921	0	1
1922	0	1
1923	0	1
1924	0	1
1925	0	1
1926	0	11
1927	0	2
1928	0	1
1929	0	1
1930	0	1
1931	0	1
1932	0	1
1933	0	4
1934	0	4
1935	0	1
1936	0	1
1937	0	1
1938	0	1
1939	0	1
1940	0	1
1940	1	1
1941	0	2
1942	0	4
1943	0	4
1944	0	4
1945	0	4
1946	0	4
1947	0	5
1948	1	1
1949	1	1
1950	1	1
1951	0	2
1951	1	1
1952	1	1
1953	1	1
1954	1	1
1955	1	1
1956	1	1
1957	1	1
1958	1	1
1959	0	1
1959	1	3
1959	2	1
1960	0	1
1960	1	2
1961	1	1
1962	0	2
1962	1	1
1963	0	1
1963	1	5
1964	0	1
1964	1	2
1965	0	1
1965	2	1
1966	0	1
1966	2	1
1967	0	3
1967	2	2
1968	0	1
1968	2	1
1969	0	1
1969	2	1
1970	0	1
1970	2	1
1971	0	1
1971	2	1
1972	0	1
1972	2	1
1973	0	2
1973	2	2
1974	0	1
1974	2	1
1975	0	2
1975	1	2
1976	0	1
1976	1	1
1977	0	1
1977	1	1
1978	0	1
1978	1	1
1979	0	2
1979	1	1
1980	0	1
1980	1	1
1981	0	2
1981	1	1
1982	0	1
1983	0	1
1984	0	1
1985	0	1
1986	0	1
1987	0	1
1988	0	1
1988	1	1
1988	2	1
1989	0	1
1990	0	1
1991	0	1
1992	0	1
1993	0	1
1994	0	1
1995	0	1
1996	1	1
1997	1	1
1998	1	1
1999	1	1
2000	1	1
2001	1	1
2002	1	2
2003	1	1
2004	1	1
2005	0	1
2005	1	2
2006	1	1
2007	0	1
2007	1	4
2008	0	1
2009	0	1
2010	0	1
2011	0	2
2012	0	1
2013	0	1
2014	0	1
2015	0	1
2016	0	1
2017	0	1
2018	0	1
2019	0	1
2020	0	1
2021	0	1
2022	0	1
2023	0	1
2024	0	1
2025	0	1
2026	0	1
2026	1	2
2027	0	1
2028	0	1
2028	1	1
2029	0	1
2030	0	1
2031	0	1
2032	0	1
2033	0	1
2033	2	1
2034	0	1
2034	2	1
2035	0	1
2035	2	1
2036	0	1
2036	2	1
2037	0	1
2037	2	1
2038	0	1
2038	2	1
2039	0	1
2039	2	1
2040	0	1
2040	2	1
2041	0	1
2041	2	1
2042	0	1
2042	2	1
2043	0	1
2043	2	1
2044	0	1
2044	2	1
2045	0	1
2045	2	1
2046	0	4
2046	2	1
2047	0	1
2047	2	1
2048	0	1
2048	2	1
2049	0	1
2049	2	1
2050	0	5
2050	2	1
2051	0	1
2051	2	1
2052	0	1
2052	2	1
2053	1	1
2054	1	1
2055	1	1
2056	0	2
2056	1	2
2057	1	1
2058	1	1
2059	1	2
2060	0	6
2060	1	2
2061	1	1
2062	1	1
2063	1	1
2064	0	3
2064	1	1
2064	2	3
2065	1	1
2066	1	1
2067	1	1
2068	0	1
2069	0	1
2070	0	1
2071	0	1
2072	0	1
2073	0	2
2074	0	1
2075	0	3
2076	0	3
2077	0	3
2078	0	3
2079	0	3
2080	0	3
2081	0	4
2082	0	3
2083	0	4
2084	1	1
2085	1	1
2085	2	1
2086	1	1
2087	1	1
2088	1	1
2089	1	1
2090	1	5
2091	1	3
2092	0	1
2092	1	1
2092	2	1
2093	0	4
2093	1	1
2093	2	4
2094	0	1
2094	1	1
2094	2	1
2095	0	1
2095	1	1
2095	2	2
2096	0	3
2096	1	1
2096	2	3
2097	0	1
2097	1	1
2097	2	1
2098	0	1
2098	1	1
2098	2	1
2099	0	1
2099	1	1
2099	2	1
2100	0	1
2100	1	1
2100	2	1
2101	0	1
2101	1	1
2101	2	1
2102	0	1
2102	1	1
2102	2	1
2103	0	4
2103	1	2
2103	2	4
2104	0	4
2104	1	4
2105	0	4
2105	1	4
2106	0	1
2106	1	1
2107	0	1
2107	1	1
2108	0	2
2108	1	1
2109	0	1
2109	1	1
2110	0	1
2110	1	1
2111	0	1
2111	1	1
2112	0	1
2112	1	1
2113	0	1
2113	1	1
2114	0	4
2114	1	4
2115	0	4
2115	1	4
2116	0	4
2116	1	4
2117	0	4
2117	1	4
2118	0	8
2118	1	4
2119	0	4
2119	1	5
2120	0	12
2120	1	5
2121	0	1
2121	1	1
2122	0	7
2122	1	5
2122	2	1
2123	0	1
2123	1	1
2124	0	1
2124	1	1
2125	0	1
2125	1	1
2126	0	2
2126	1	1
2127	0	1
2128	0	1
2129	0	1
2130	0	1
2131	0	1
2132	0	1
2133	0	1
2134	0	2
2135	0	2
2136	0	2
2137	0	2
2138	0	2
2139	0	2
2140	0	2
2141	0	2
2142	1	1
2143	1	1
2144	1	1
2145	1	1
2146	1	1
2147	1	1
2148	1	1
2149	1	1
2150	1	1
2151	1	1
2152	1	1
2153	1	1
2154	1	1
2155	1	1
2156	0	2
2156	1	2
2156	2	3
2157	1	1
2157	2	1
2158	1	2
2158	2	2
2159	1	2
2159	2	2
2160	1	1
2160	2	1
2161	0	6
2161	1	5
2161	2	2
2162	1	1
2162	2	1
2163	1	1
2163	2	1
2164	1	1
2164	2	1
2165	0	1
2165	1	1
2165	2	1
2166	1	2
2166	2	2
2167	1	1
2167	2	1
2168	1	1
2168	2	1
2169	1	1
2169	2	1
2170	1	2
2170	2	2
2171	0	1
2171	1	3
2171	2	2
2172	1	2
2172	2	2
2173	1	4
2173	2	2
2174	1	3
2174	2	2
2175	0	1
2175	1	2
2175	2	2
2176	0	1
2176	1	2
2176	2	2
2177	1	2
2177	2	2
2178	1	2
2178	2	2
2179	0	2
2180	0	2
2181	0	1
2182	0	2
2182	1	1
2183	0	1
2184	0	1
2185	0	1
2186	0	2
2186	1	1
2187	0	2
2188	0	1
2189	0	1
2190	0	1
2191	0	2
2192	0	2
2193	0	2
2194	0	2
2194	1	1
2195	0	2
2196	0	4
2196	1	2
2197	0	1
2198	0	1
2199	0	1
2200	0	1
2201	0	1
2202	0	1
2203	0	1
2204	0	1
2205	0	1
2206	0	3
2206	1	1
2206	2	2
2207	0	1
2207	2	1
2208	0	1
2208	2	1
2209	0	1
2209	2	1
2210	0	1
2210	2	1
2211	1	1
2212	1	1
2213	1	1
2214	0	6
2214	1	5
2214	2	3
2215	1	1
2216	1	1
2217	1	1
2218	1	1
2219	1	1
2220	1	1
2221	1	1
2222	1	1
2223	1	1
2224	1	2
2225	1	1
2226	0	2
2226	1	1
2227	0	8
2227	1	10
2228	0	1
2228	1	1
2229	0	2
2230	0	2
2231	0	1
2232	0	1
2233	0	1
2234	0	2
2235	0	1
2236	0	2
2237	0	2
2238	0	2
2239	0	8
2239	1	6
2240	0	5
2241	0	5
2242	0	5
2243	0	3
2243	2	5
2244	2	2
2245	0	3
2245	2	5
2246	2	1
2247	0	1
2247	1	1
2247	2	1
2248	2	1
2249	2	1
2250	2	1
2251	2	2
2252	2	1
2253	2	1
2254	2	1
2255	0	3
2255	2	5
2256	0	3
2256	2	5
2257	0	3
2257	2	5
2258	1	2
2258	2	2
2259	1	2
2259	2	2
2260	0	3
2260	2	5
2261	0	3
2261	2	5
2262	0	2
2263	0	4
2263	1	1
2263	2	1
2264	0	1
2265	0	1
2266	0	1
2267	0	1
2268	0	1
2269	0	1
2270	1	1
2271	1	1
2272	1	1
2273	1	1
2274	1	1
2275	1	1
2276	1	1
2277	1	1
2278	1	1
2279	1	1
2280	0	1
2280	1	1
2280	2	1
2281	0	1
2281	1	1
2281	2	1
2282	0	1
2282	1	1
2282	2	1
2283	0	1
2283	1	1
2283	2	1
2284	0	1
2284	1	1
2284	2	1
2285	0	1
2285	1	1
2285	2	1
2286	0	1
2287	0	1
2288	0	1
2289	0	1
2290	0	1
2291	0	1
2292	0	1
2292	1	1
2293	0	1
2294	0	1
2295	0	1
2295	1	1
2296	0	1
2297	0	1
2298	0	1
2299	0	1
2300	0	1
2301	0	1
2302	0	1
2303	0	1
2303	1	1
2304	0	5
2305	0	1
2306	0	1
2307	0	1
2308	0	1
2309	0	5
2310	0	1
2311	0	1
2312	0	4
2313	0	1
2314	0	1
2315	0	1
2316	0	1
2317	0	1
2318	1	1
2319	1	1
2320	1	1
2321	1	1
2322	1	4
2323	1	1
2324	1	4
2325	1	1
2326	1	1
2327	1	1
2328	1	1
2329	0	2
2329	1	1
2330	1	1
2331	1	1
2332	1	1
2333	1	1
2334	0	4
2335	0	4
2336	0	4
2336	1	1
2337	0	1
2338	0	2
2338	2	1
2339	0	1
2340	0	2
2341	0	1
2342	0	1
2343	0	1
2344	0	1
2345	0	4
2346	0	5
2347	0	4
2347	1	1
2348	0	4
2349	0	4
2350	0	19
2350	1	9
2351	0	4
2351	1	1
2352	0	4
2352	1	1
2353	0	1
2354	0	1
2355	0	1
2356	0	1
2357	0	4
2357	1	4
2358	0	4
2358	1	4
2359	0	3
2359	1	2
2359	2	1
2360	0	1
2360	1	1
2361	0	2
2361	1	2
2362	0	3
2362	1	3
2363	0	2
2363	1	2
2364	0	6
2364	1	6
2365	0	4
2365	1	4
2366	0	4
2366	1	4
2367	0	4
2367	1	4
2368	0	4
2368	1	4
2369	0	4
2369	1	4
2370	0	4
2370	1	4
2371	0	8
2371	1	8
2372	0	8
2372	1	8
2373	0	2
2373	1	1
2374	0	2
2374	1	3
2374	2	1
2375	0	2
2375	1	1
2376	0	5
2376	1	5
2377	0	1
2377	1	1
2378	0	3
2378	1	3
2379	0	8
2379	1	8
2380	0	8
2380	1	8
2381	0	8
2381	1	8
2382	0	2
2382	1	2
2383	0	4
2383	1	4
2383	2	2
2384	0	2
2384	1	2
2385	0	6
2385	1	3
2386	0	3
2386	1	3
2386	2	1
2387	0	2
2387	1	1
2388	0	8
2389	0	8
2390	0	5
2390	1	1
2391	0	1
2392	0	1
2393	0	2
2394	0	5
2394	1	1
2394	2	1
2395	0	1
2396	0	1
2397	0	8
2398	0	8
2398	1	1
2399	0	8
2400	0	3
2401	0	3
2402	0	1
2403	0	1
2404	0	1
2405	0	1
2406	0	1
2407	0	2
2408	0	3
2409	0	1
2410	0	1
2411	0	3
2412	0	3
2413	0	3
2414	0	4
2415	0	4
2416	0	7
2417	0	6
2418	0	6
2418	1	2
2419	0	1
2420	0	1
2421	0	1
2422	0	2
2423	0	1
2424	1	2
2425	1	1
2426	1	1
2427	0	1
2427	1	1
2428	0	1
2428	1	1
2429	0	3
2429	1	1
2430	0	1
2430	1	1
2431	0	1
2431	1	1
2432	0	1
2432	1	1
2433	0	1
2433	1	1
2434	0	2
2434	1	3
2435	0	1
2435	1	1
2436	0	1
2436	1	1
2437	0	1
2438	0	1
2439	0	1
2440	0	1
2441	0	1
2442	0	2
2443	0	1
2444	0	1
2444	1	1
2445	0	1
2445	1	1
2446	0	4
2446	1	4
2447	0	1
2447	1	1
2448	0	1
2448	1	1
2449	0	1
2449	1	1
2450	0	1
2451	0	1
2452	0	2
2453	0	1
2454	0	1
2455	0	2
2456	0	1
2457	0	1
2458	0	1
2459	0	1
2460	0	1
2461	0	1
2462	0	1
2463	0	1
2464	0	1
2464	1	1
2465	0	1
2466	0	1
2467	1	1
2468	1	1
2469	1	1
2470	0	1
2470	1	2
2471	1	1
2472	1	1
2473	1	1
2474	1	1
2475	1	1
2476	1	1
2477	1	1
2478	1	1
2479	1	1
2480	1	1
2481	1	1
2482	0	1
2482	1	1
2483	0	1
2483	1	1
2484	0	1
2484	1	1
2485	0	1
2485	1	1
2486	0	1
2486	1	1
2487	0	1
2487	1	1
2488	0	1
2488	1	1
2489	0	1
2489	1	1
2490	0	1
2490	2	1
2491	0	2
2491	2	1
2492	0	1
2492	2	1
2493	0	1
2493	2	1
2494	0	2
2494	2	1
2495	0	1
2495	2	1
2496	0	3
2496	1	1
2496	2	2
2497	0	1
2497	2	1
2498	0	1
2498	2	1
2499	0	1
2500	0	1
2501	0	1
2502	0	1
2503	0	2
2503	1	2
2504	0	2
2504	1	2
2505	0	2
2505	1	2
2506	0	2
2506	1	2
2507	0	2
2507	1	2
2508	0	2
2508	1	2
2509	0	2
2509	1	2
2510	0	1
2511	0	1
2512	0	1
2513	0	1
2514	0	1
2515	0	3
2516	0	1
2517	0	4
2517	1	3
2518	0	1
2519	0	1
2520	0	3
2521	0	1
2522	0	1
2523	0	1
2524	0	1
2525	0	1
2526	0	1
2527	0	1
2528	0	1
2529	0	1
2530	0	1
2531	0	1
2532	0	1
2533	0	1
2534	0	1
2535	0	1
2536	0	1
2536	2	1
2537	0	1
2537	2	1
2538	0	1
2538	2	1
2539	0	1
2539	2	1
2540	0	1
2540	2	1
2541	0	3
2541	2	3
2542	0	1
2542	2	1
2543	1	1
2544	1	1
2545	1	1
2546	1	1
2547	1	1
2548	1	1
2549	1	1
2550	1	1
2551	1	1
2552	1	1
2553	0	8
2553	1	3
2553	2	1
2554	1	2
2555	0	1
2555	1	2
2556	0	1
2557	0	1
2558	0	1
2559	0	1
2560	0	1
2561	0	1
2562	0	1
2562	1	1
2562	2	1
2563	0	1
2563	1	1
2563	2	1
2564	0	1
2564	1	1
2564	2	1
2565	0	1
2565	1	1
2565	2	1
2566	0	2
2566	1	1
2566	2	1
2567	0	1
2567	1	1
2567	2	1
2568	0	1
2568	1	1
2568	2	1
2569	0	2
2569	1	1
2569	2	1
2570	0	1
2571	0	1
2572	0	1
2573	0	1
2574	0	1
2575	0	1
2576	0	1
2577	0	1
2578	0	1
2579	0	1
2580	0	1
2581	0	1
2581	1	1
2582	0	1
2582	1	1
2583	0	3
2583	1	1
2584	0	1
2584	1	1
2585	0	1
2585	1	1
2586	0	2
2586	1	1
2587	0	4
2587	1	3
2588	0	4
2588	1	2
2588	2	1
2589	0	2
2589	2	1
2590	0	2
2590	2	1
2591	0	1
2591	2	1
2592	0	2
2592	1	1
2592	2	1
2593	0	1
2593	1	1
2594	0	1
2594	1	1
2595	0	1
2595	1	2
2595	2	1
2596	0	1
2596	1	1
2597	0	1
2597	1	1
2598	0	1
2598	1	1
2599	0	1
2599	1	1
2600	0	1
2601	0	2
2602	0	1
2603	0	1
2604	0	1
2605	0	1
2606	0	1
2607	1	1
2608	1	1
2609	1	1
2610	1	1
2611	0	1
2612	0	1
2613	0	6
2613	1	2
2613	2	1
2614	0	1
2615	0	5
2615	1	1
2615	2	1
2616	0	1
2617	0	1
2618	0	1
2619	0	1
2620	0	3
2620	1	2
2620	2	2
2621	0	3
2621	1	2
2621	2	2
2622	0	3
2622	1	2
2622	2	2
2623	0	1
2624	1	1
2625	1	1
2626	1	1
2627	1	1
2628	0	1
2628	1	1
2629	1	1
2630	1	1
2631	1	1
2632	1	1
2633	0	1
2633	1	1
2634	1	1
2635	1	1
2636	1	1
2637	1	1
2638	1	1
2639	0	1
2639	1	1
2640	0	1
2641	0	1
2642	0	1
2643	0	1
2644	0	1
2645	0	1
2646	0	1
2647	0	1
2648	0	1
2649	0	1
2649	1	2
2650	0	1
2650	1	4
2651	1	1
2652	1	1
2653	1	1
2654	1	1
2655	1	2
2656	1	3
2657	0	1
2657	1	1
2657	2	1
2658	1	1
2659	1	1
2660	1	1
2661	1	1
2662	1	1
2663	1	1
2664	0	1
2664	1	1
2664	2	1
2665	1	1
2666	1	1
2667	1	1
2668	1	1
2669	1	1
2670	1	2
2671	1	2
2672	0	3
2672	2	3
2673	0	3
2673	2	3
2674	0	2
2674	2	1
2675	0	1
2675	2	1
2676	0	1
2676	1	1
2676	2	1
2677	0	1
2677	2	1
2678	0	1
2678	2	1
2679	0	1
2679	2	1
2680	0	1
2680	2	1
2681	0	1
2681	1	1
2681	2	1
2682	0	3
2682	2	3
2683	0	3
2683	2	3
2684	0	3
2684	2	3
2685	0	1
2686	0	1
2687	0	1
2688	0	2
2689	0	1
2690	0	1
2691	0	1
2692	0	2
2693	0	1
2694	0	2
2695	0	1
2696	0	1
2697	0	1
2698	0	1
2699	0	1
2700	0	1
2701	0	5
2701	2	1
2702	0	1
2703	0	1
2704	0	1
2705	0	2
2706	0	1
2707	0	1
2708	0	1
2709	0	1
2709	2	1
2710	0	1
2711	0	5
2711	2	1
2712	0	4
2713	0	3
2714	0	3
2715	0	2
2716	0	3
2717	0	5
2718	0	3
2719	0	3
2720	0	3
2721	0	3
2722	0	3
2723	0	3
2724	0	1
2725	0	2
2726	0	1
2727	0	1
2728	0	1
2729	0	2
2730	0	2
2731	0	2
2732	0	2
2732	1	2
2733	0	2
2733	1	2
2734	0	4
2734	1	4
2735	0	1
2735	1	1
2736	0	1
2736	1	1
2737	0	1
2737	1	1
2738	2	1
2739	2	1
2740	2	1
2741	2	1
2742	2	1
2743	2	1
2744	2	1
2745	2	1
2746	2	1
2747	2	1
2748	2	1
2749	2	1
2750	2	1
2751	0	1
2751	2	1
2752	2	3
2753	2	3
2754	0	1
2755	0	1
2756	0	1
2757	0	1
2758	0	1
2759	0	2
2759	2	1
2760	0	1
2761	0	1
2762	0	1
2763	0	1
2764	0	1
2765	0	1
2765	2	1
2766	0	1
2767	0	1
2768	0	1
2769	0	1
2770	0	1
2771	0	1
2772	0	1
2773	0	2
2774	0	1
2775	0	1
2776	0	1
2777	0	3
2777	1	1
2778	0	1
2779	0	1
2780	0	1
2781	0	1
2782	0	1
2783	0	1
2784	0	1
2785	0	1
2786	0	1
2787	1	1
2788	1	1
2789	1	1
2790	1	1
2791	1	1
2792	1	1
2793	1	1
2794	1	1
2795	1	1
2796	1	1
2797	1	1
2798	1	1
2799	1	1
2800	0	2
2800	1	3
2801	1	1
2802	0	1
2803	0	1
2804	0	1
2805	0	1
2806	0	1
2807	0	1
2808	0	1
2809	0	1
2810	0	1
2811	0	1
2812	0	2
2813	0	2
2814	0	1
2815	0	1
2816	0	2
2817	0	2
2818	0	2
2819	0	2
2820	0	8
2820	1	6
2821	0	1
2822	0	3
2822	1	2
2822	2	1
2823	0	1
2824	0	1
2825	0	3
2825	1	2
2825	2	1
2826	0	1
2827	0	1
2827	2	1
2828	0	1
2829	0	1
2830	0	1
2831	0	1
2832	0	1
2833	0	1
2834	0	1
2835	0	1
2836	0	1
2836	1	1
2837	0	1
2837	1	1
2838	0	1
2838	1	1
2839	0	1
2839	1	1
2840	0	2
2840	1	1
2841	0	1
2841	1	1
2842	0	1
2842	1	1
2843	0	3
2843	1	1
2843	2	1
2844	0	3
2844	1	1
2844	2	1
2845	0	1
2846	0	3
2846	1	1
2846	2	1
2847	0	2
2848	0	1
2849	0	1
2850	0	17
2850	1	15
2850	2	1
2851	0	2
2851	1	2
2852	0	2
2852	1	2
2853	0	2
2853	1	2
2854	0	1
2854	1	1
2855	0	2
2855	1	2
2856	0	3
2856	1	3
2857	0	15
2857	1	15
2858	0	3
2858	1	3
2859	0	2
2859	1	2
2860	0	2
2860	1	2
2861	0	2
2861	1	3
2862	0	2
2862	1	3
2863	0	2
2863	1	1
2863	2	1
2864	0	1
2864	1	1
2864	2	1
2865	0	1
2865	1	1
2865	2	1
2866	0	2
2866	1	1
2866	2	1
2867	0	1
2867	1	1
2867	2	1
2868	0	1
2869	0	1
2870	0	1
2871	0	1
2872	0	1
2873	0	1
2874	0	1
2875	0	1
2876	0	1
2877	0	1
2878	0	1
2879	0	2
2879	1	1
2880	0	1
2881	1	1
2882	1	1
2883	1	1
2884	1	1
2885	1	1
2886	1	1
2887	1	1
2888	1	1
2889	1	1
2890	1	1
2891	1	1
2892	1	1
2893	1	1
2893	2	3
2894	1	1
2895	0	1
2896	0	1
2897	0	1
2898	0	1
2899	0	1
2900	0	1
2901	0	2
2902	0	2
2903	0	2
2904	0	2
2905	0	2
2906	0	2
2907	0	2
2908	0	1
2909	0	1
2910	0	1
2911	0	1
2912	0	1
2913	0	1
2914	0	1
2914	2	1
2915	0	1
2916	0	1
2917	0	1
2918	0	1
2919	0	1
2920	2	1
2921	2	1
2922	2	1
2923	2	1
2924	2	1
2925	2	1
2926	2	1
2927	2	1
2928	2	1
2929	2	1
2930	2	1
2931	2	1
2932	0	1
2932	1	1
2932	2	1
2933	0	1
2933	1	1
2933	2	1
2934	2	1
2935	0	1
2935	1	1
2935	2	1
2936	2	1
2937	0	1
2937	1	1
2937	2	1
2938	0	1
2938	1	1
2938	2	1
2939	0	2
2939	1	1
2939	2	1
2940	0	1
2940	1	1
2940	2	1
2941	0	1
2941	1	1
2941	2	1
2942	0	1
2942	1	1
2942	2	1
2943	0	1
2943	1	1
2943	2	1
2944	0	1
2944	1	1
2944	2	1
2945	0	1
2945	1	1
2945	2	1
2946	0	2
2946	1	1
2946	2	1
2947	0	1
2947	1	1
2947	2	1
2948	0	1
2949	0	1
2950	0	1
2950	1	1
2951	0	4
2951	1	5
2951	2	4
2952	1	1
2953	0	4
2953	1	5
2953	2	4
2954	1	1
2955	0	1
2955	1	2
2955	2	1
2956	1	1
2957	1	1
2958	1	1
2959	1	1
2960	1	1
2961	1	1
2962	1	1
2963	0	4
2963	1	5
2963	2	4
2964	0	4
2964	1	5
2964	2	4
2965	0	4
2965	1	5
2965	2	4
2966	0	7
2966	1	8
2966	2	7
2967	1	2
2968	1	1
2969	1	1
2970	0	4
2970	1	8
2970	2	4
2971	0	4
2971	1	7
2971	2	4
2972	1	1
2973	1	1
2974	1	1
2975	1	1
2976	1	1
2977	1	2
2978	1	1
2979	1	1
2980	1	1
2981	1	1
2982	1	1
2983	1	1
2984	1	1
2985	1	1
2986	1	1
2987	1	1
2988	1	1
2989	1	1
2990	1	1
2991	1	1
2992	1	1
2993	1	1
2994	1	1
2995	1	1
2996	1	1
2997	1	1
2998	1	1
2999	1	1
3000	1	1
3001	1	1
3002	0	1
3002	1	1
3003	0	1
3003	1	1
3004	0	1
3004	1	1
3005	0	1
3005	1	1
3006	0	1
3006	1	1
3007	0	1
3007	1	1
3008	0	1
3008	1	1
3009	0	1
3009	1	1
3010	0	1
3010	1	1
3011	0	1
3011	1	1
3012	0	1
3012	1	1
3013	0	1
3013	1	1
3014	0	1
3014	1	1
3015	0	1
3015	1	1
3016	0	1
3016	1	1
3017	0	1
3017	1	1
3018	0	1
3018	1	1
3019	0	1
3019	1	1
3020	0	1
3020	1	2
3021	0	1
3021	1	1
3022	0	1
3022	1	1
3023	1	1
3024	1	1
3025	1	1
3026	1	1
3027	1	1
3028	1	1
3029	1	1
3030	1	1
3031	1	1
3032	1	1
3033	1	1
3034	1	1
3035	1	1
3036	1	1
3037	1	1
3038	0	1
3038	1	1
3038	2	1
3039	1	1
3040	1	1
3041	1	1
3042	1	1
3043	1	1
3044	1	1
3045	1	1
3046	0	1
3047	0	1
3048	0	1
3049	0	1
3050	0	1
3051	0	1
3051	1	1
3052	0	1
3052	1	1
3053	0	1
3053	1	1
3054	0	1
3055	0	1
3056	0	1
3057	0	1
3058	0	3
3058	1	2
3059	0	2
3059	1	1
3059	2	1
3060	0	1
3061	0	1
3062	0	1
3063	0	1
3064	0	1
3065	0	1
3066	0	1
3067	0	1
3068	0	1
3069	2	2
3070	2	2
3071	2	1
3072	2	1
3073	2	1
3074	2	1
3075	2	2
3076	2	2
3077	2	2
3078	2	3
3079	0	4
3079	1	4
3079	2	2
3080	0	1
3081	0	1
3082	0	1
3083	0	1
3084	0	1
3085	0	1
3086	0	1
3087	0	1
3088	0	3
3089	0	1
3090	0	1
3091	0	2
3092	0	2
3093	0	2
3094	0	2
3095	0	2
3096	0	2
3097	0	2
3098	0	2
3099	0	2
3100	0	2
3101	0	1
3102	0	1
3103	0	2
3104	0	1
3105	0	1
3106	0	1
3107	0	2
3108	0	1
3109	0	1
3110	0	2
3111	0	2
3112	0	2
3113	0	2
3114	0	2
3115	1	1
3116	1	2
3117	1	1
3118	1	1
3119	0	2
3119	1	1
3120	1	1
3121	1	1
3122	1	1
3123	1	1
3124	1	1
3125	1	1
3126	1	1
3127	1	1
3128	1	1
3129	1	1
3130	1	1
3131	1	1
3132	1	1
3133	1	1
3134	1	3
3135	1	1
3136	0	1
3136	1	1
3137	0	1
3137	1	1
3138	0	1
3138	1	1
3139	0	2
3139	1	2
3140	0	2
3140	1	2
3141	0	8
3142	0	8
3143	0	8
3144	0	8
3145	0	8
3146	0	8
3147	0	8
3148	0	8
3149	0	8
3150	0	8
3151	0	8
3152	0	8
3153	0	8
3154	0	8
3155	0	6
3155	1	6
3156	0	3
3156	1	3
3157	0	2
3157	1	2
3158	0	2
3158	1	2
3159	0	1
3159	2	3
3160	0	1
3160	2	3
3161	0	1
3161	2	1
3162	0	1
3162	2	1
3163	0	1
3163	2	1
3164	0	1
3164	2	1
3165	0	1
3165	2	1
3166	0	1
3166	2	1
3167	0	1
3167	2	1
3168	0	1
3168	2	1
3169	0	1
3169	2	3
3170	0	1
3170	2	3
3171	0	1
3171	2	3
3172	0	1
3172	2	3
3173	0	1
3173	2	3
3174	0	2
3174	2	3
3175	0	1
3175	1	1
3176	0	1
3176	1	1
3177	0	1
3177	1	1
3178	0	1
3178	1	1
3179	0	1
3179	1	1
3180	0	1
3180	1	1
3181	0	1
3181	1	1
3182	0	1
3182	1	1
3183	0	1
3183	1	1
3184	0	1
3184	1	1
3185	0	1
3185	1	1
3186	0	1
3186	1	1
3187	0	1
3187	1	1
3188	0	2
3188	1	1
3189	0	1
3190	0	1
3191	0	1
3192	0	1
3193	0	1
3194	1	1
3195	1	1
3196	1	1
3197	1	1
3198	0	1
3198	1	4
3199	1	1
3200	1	1
3201	1	1
3202	1	1
3203	1	1
3204	1	1
3205	1	1
3206	1	1
3207	1	1
3208	1	1
3209	1	1
3210	1	1
3211	1	1
3212	1	1
3213	1	1
3214	1	1
3215	0	4
3215	1	1
3216	1	1
3217	0	2
3217	1	1
3218	0	1
3218	1	1
3219	0	2
3219	1	2
3220	0	1
3220	1	1
3221	0	1
3221	1	1
3222	2	1
3223	2	1
3224	0	1
3224	2	1
3225	2	1
3226	2	1
3227	0	1
3227	1	1
3227	2	1
3228	2	1
3229	2	1
3230	2	1
3231	2	1
3232	2	1
3233	2	1
3234	2	1
3235	0	1
3235	2	1
3236	0	1
3236	1	1
3236	2	1
3237	0	1
3237	2	1
3238	0	1
3239	0	1
3240	0	1
3241	0	3
3241	1	1
3242	0	1
3243	0	1
3244	0	1
3245	0	1
3246	0	1
3247	0	1
3248	0	1
3249	0	1
3250	0	1
3251	0	1
3252	0	2
3253	0	1
3254	0	1
3255	1	1
3256	1	1
3257	1	1
3258	1	1
3259	1	1
3260	1	1
3261	1	1
3262	1	1
3263	0	1
3263	1	2
3264	0	1
3265	0	1
3266	0	1
3267	0	1
3268	0	1
3269	0	1
3270	0	1
3271	0	1
3272	0	1
3273	0	1
3274	0	1
3275	0	1
3276	0	1
3277	0	1
3278	0	1
3279	0	4
3280	0	4
3281	0	1
3282	0	1
3283	0	1
3284	0	2
3285	0	1
3286	0	4
3287	0	7
3288	0	4
3289	0	1
3289	1	1
3290	0	2
3290	1	2
3291	0	1
3291	1	1
3292	0	1
3292	1	1
3293	0	1
3293	1	1
3294	0	1
3295	0	2
3295	1	1
3296	0	1
3297	0	1
3298	0	1
3299	0	1
3300	0	1
3301	0	2
3301	1	1
3302	0	2
3302	1	1
3303	0	2
3303	1	2
3304	0	1
3304	1	1
3305	0	1
3305	1	1
3306	0	1
3306	1	1
3307	0	1
3307	1	1
3308	0	1
3308	1	1
3309	0	2
3309	1	1
3310	0	1
3310	1	1
3311	0	1
3311	1	1
3312	0	2
3312	1	1
3313	0	1
3313	1	1
3314	0	1
3314	1	1
3315	0	1
3315	1	1
3316	0	1
3316	1	1
3317	0	1
3317	1	1
3318	0	2
3318	1	1
3319	0	1
3319	1	1
3320	0	1
3320	1	1
3321	0	1
3321	1	1
3322	0	6
3322	1	6
3323	0	6
3323	1	6
3324	0	1
3324	1	1
3325	0	1
3325	1	1
3326	0	1
3326	1	1
3327	0	1
3327	1	1
3328	0	2
3328	1	1
3329	0	3
3329	1	2
3330	0	1
3330	1	1
3331	0	2
3331	1	1
3332	0	11
3332	1	6
3333	0	6
3333	1	6
3334	0	11
3334	1	6
3335	0	2
3336	0	2
3337	0	3
3337	2	1
3338	0	1
3339	0	2
3339	2	1
3340	0	1
3341	0	1
3342	0	2
3343	0	3
3344	0	2
3345	0	4
3346	0	2
3347	0	1
3347	1	2
3348	0	1
3348	1	1
3349	0	1
3349	1	1
3350	0	1
3350	1	1
3351	0	2
3351	1	1
3352	0	1
3352	1	1
3353	0	1
3353	1	1
3354	0	2
3354	2	1
3355	0	2
3355	2	1
3356	0	3
3356	1	2
3357	0	1
3358	0	1
3359	0	1
3360	0	2
3360	1	1
3361	0	2
3361	2	1
3362	0	2
3362	2	1
3363	0	3
3363	2	3
3364	0	3
3364	2	3
3365	0	1
3365	2	1
3366	0	1
3366	1	1
3366	2	1
3367	0	1
3367	2	1
3368	0	1
3368	2	1
3369	0	2
3369	2	2
3370	0	6
3370	2	3
3371	0	3
3371	2	3
3372	0	3
3372	2	3
3373	0	1
3373	1	1
3374	0	1
3374	1	1
3375	0	1
3375	1	1
3376	0	1
3376	1	1
3377	0	1
3377	1	1
3378	0	1
3378	1	1
3379	0	1
3379	1	1
3380	0	1
3380	1	1
3381	0	2
3381	1	2
3382	0	1
3382	1	1
3383	0	1
3383	1	1
3384	0	1
3384	1	1
3385	0	1
3385	1	1
3386	0	1
3386	1	1
3387	0	1
3387	1	1
3388	0	1
3389	0	1
3390	0	2
3391	0	2
3392	0	2
3393	0	2
3394	0	2
3395	0	2
3396	0	2
3397	0	2
3398	0	2
3399	2	3
3400	0	2
3400	2	3
3401	2	2
3402	2	2
3403	2	2
3404	2	2
3405	2	2
3406	2	2
3407	2	2
3408	2	2
3409	2	2
3410	0	1
3410	2	3
3411	0	2
3411	2	3
3412	2	1
3413	2	1
3414	2	1
3415	2	1
3416	2	1
3417	2	1
3418	2	1
3419	2	1
3420	2	2
3421	2	1
3422	2	1
3423	2	2
3424	2	2
3425	2	2
3426	0	1
3426	1	1
3427	0	1
3427	1	1
3428	0	1
3428	1	1
3429	0	1
3429	1	1
3430	0	1
3430	1	1
3431	0	1
3431	1	1
3432	0	1
3432	1	1
3433	0	1
3434	0	1
3435	0	1
3436	0	1
3437	0	1
3438	0	1
3439	0	1
3439	2	1
3440	0	1
3441	0	1
3442	0	1
3443	0	1
3444	0	1
3445	0	1
3446	0	1
3447	0	1
3448	2	1
3449	2	1
3450	2	1
3451	2	1
3452	2	1
3453	2	1
3454	2	1
3455	2	1
3456	2	1
3457	2	1
3458	2	1
3459	2	1
3460	2	3
3461	2	1
3462	2	1
3463	2	1
3464	2	1
3465	2	1
3466	2	1
3467	2	1
3468	2	1
3469	2	1
3470	2	1
3471	0	1
3471	1	1
3472	0	1
3472	1	1
3473	0	1
3473	1	1
3474	0	1
3474	1	1
3475	0	4
3475	1	2
3475	2	1
3476	0	3
3476	1	1
3477	0	1
3478	0	2
3478	1	1
3479	0	2
3479	1	1
3479	2	1
3480	0	2
3480	1	1
3480	2	1
3481	0	1
3481	1	1
3482	0	1
3483	0	1
3484	0	1
3485	0	1
3486	0	1
3487	0	1
3488	0	1
3489	0	1
3490	0	1
3491	0	1
3492	0	1
3493	0	1
3494	0	1
3495	0	1
3496	0	1
3497	0	4
3497	1	4
3498	0	4
3498	1	4
3499	0	1
3499	1	1
3500	0	1
3500	1	1
3501	0	1
3501	1	1
3502	0	1
3502	1	1
3503	0	1
3503	1	1
3504	0	1
3504	1	1
3505	0	1
3505	1	1
3506	0	2
3506	1	1
3507	0	1
3507	1	1
3508	0	1
3508	1	1
3509	0	1
3509	1	1
3510	0	3
3510	1	3
3511	0	1
3511	1	1
3512	0	1
3512	1	1
3513	0	1
3513	1	1
3514	0	1
3514	1	1
3515	0	2
3515	1	2
3516	0	1
3516	1	1
3517	0	2
3517	1	1
3518	0	1
3518	1	1
3519	0	2
3519	1	2
3520	1	1
3521	1	1
3522	1	1
3523	1	1
3524	1	1
3525	1	1
3526	1	1
3527	1	1
3528	1	1
3529	1	1
3530	0	1
3531	0	1
3532	0	1
3533	0	1
3534	0	1
3535	0	1
3536	1	1
3537	1	1
3538	1	1
3539	1	1
3540	1	1
3541	1	1
3542	1	1
3543	1	1
3544	1	1
3545	0	3
3545	1	4
3545	2	3
3546	1	1
3547	0	1
3548	0	1
3549	0	2
3549	1	1
3550	0	1
3551	0	1
3552	0	2
3553	0	1
3554	0	1
3555	0	2
3556	0	1
3557	0	1
3558	0	1
3559	0	1
3560	0	1
3560	2	1
3561	0	1
3562	0	1
3563	0	1
3564	0	1
3565	0	1
3566	0	1
3567	0	1
3568	0	1
3569	0	1
3570	0	1
3571	0	1
3572	0	1
3573	0	1
3574	0	1
3575	0	1
3576	0	1
3577	0	1
3578	0	1
3579	0	1
3580	0	1
3581	0	1
3582	0	1
3583	0	1
3584	0	1
3585	0	1
3586	0	1
3587	0	1
3588	0	2
3589	0	1
3590	0	1
3591	0	1
3592	2	1
3593	2	1
3594	2	1
3595	2	1
3596	2	1
3597	0	2
3598	0	2
3599	0	2
3600	0	2
3601	0	3
3602	0	2
3603	0	2
3604	0	2
3605	0	2
3606	0	2
3607	0	2
3608	0	1
3609	0	1
3610	0	1
3611	0	1
3612	0	1
3613	0	6
3614	0	6
3615	0	1
3615	1	1
3615	2	1
3616	0	1
3617	0	1
3618	0	1
3619	0	1
3620	0	1
3621	0	1
3622	0	1
3623	0	1
3624	0	6
3625	0	6
3626	0	6
3627	0	6
3628	0	6
3629	0	6
3630	0	6
3631	0	1
3631	1	1
3632	0	1
3632	1	1
3633	0	1
3633	1	1
3634	0	1
3634	1	1
3635	0	1
3635	1	1
3636	0	1
3636	1	1
3637	0	1
3637	1	1
3638	0	1
3638	1	1
3639	1	1
3640	1	1
3641	1	1
3642	1	1
3643	1	1
3644	1	1
3645	1	1
3646	1	1
3647	1	1
3648	0	1
3648	1	2
3649	1	1
3650	0	1
3650	1	1
3651	0	2
3651	1	3
3652	1	2
3653	1	2
3654	1	1
3655	0	1
3655	1	1
3656	0	1
3656	1	1
3657	0	1
3657	1	1
3658	0	1
3658	1	1
3659	0	1
3659	1	1
3660	0	1
3661	0	1
3662	0	4
3662	1	2
3662	2	2
3663	0	1
3664	0	2
3665	0	1
3666	0	1
3667	0	1
3668	0	1
3669	0	1
3670	0	1
3671	0	1
3672	0	1
3673	0	1
3674	0	1
3675	0	1
3676	0	1
3677	0	1
3678	0	1
3679	0	3
3680	0	4
3681	0	3
3682	0	1
3683	0	1
3684	0	3
3684	1	1
3684	2	1
3685	0	1
3686	0	1
3687	0	2
3688	0	4
3689	0	2
3690	0	1
3691	0	1
3692	0	2
3692	1	1
3692	2	1
3693	0	3
3694	0	3
3695	0	5
3696	0	3
3697	0	2
3697	1	1
3697	2	1
3698	0	1
3698	1	2
3698	2	1
3699	0	1
3699	1	1
3699	2	1
3700	0	1
3700	1	1
3700	2	1
3701	0	1
3701	1	1
3701	2	1
3702	0	1
3702	1	1
3702	2	1
3703	0	1
3703	1	1
3703	2	1
3704	0	1
3704	1	1
3704	2	1
3705	0	1
3706	0	1
3707	0	1
3708	0	1
3709	0	1
3710	0	1
3711	0	1
3712	0	1
3713	0	1
3714	0	1
3715	0	1
3716	0	1
3717	0	1
3718	0	2
3718	1	1
3719	0	1
3720	0	3
3721	0	1
3721	2	1
3722	0	1
3722	1	1
3723	0	1
3723	1	1
3724	0	1
3724	1	1
3725	0	1
3725	1	1
3726	0	2
3726	1	1
3727	0	1
3727	1	1
3728	0	1
3728	1	1
3729	0	1
3729	1	1
3730	0	1
3730	1	1
3731	0	2
3731	1	1
3732	0	1
3732	1	1
3733	0	1
3733	1	1
3734	0	1
3734	1	1
3735	0	1
3735	1	1
3736	0	3
3736	1	1
3737	0	5
3737	1	1
3738	1	1
3739	1	1
3740	1	1
3741	1	1
3742	1	1
3743	1	1
3744	1	1
3745	1	1
3746	1	1
3747	1	1
3748	1	1
3749	1	1
3750	1	1
3751	1	1
3752	1	1
3753	1	1
3754	0	2
3754	1	2
3755	0	2
3755	1	2
3756	0	1
3756	1	1
3757	0	1
3757	1	1
3758	0	2
3758	1	1
3759	0	1
3759	1	1
3760	0	1
3760	1	1
3761	0	1
3761	1	1
3762	0	1
3762	1	1
3763	0	1
3763	1	1
3764	0	2
3764	1	2
3765	0	2
3765	1	2
3766	0	2
3766	1	2
3767	0	5
3767	1	1
3768	0	3
3768	1	1
3769	0	3
3770	0	3
3771	0	2
3772	0	3
3773	0	3
3774	0	1
3775	0	1
3775	1	1
3776	1	1
3776	2	1
3777	1	1
3777	2	1
3778	1	1
3778	2	1
3779	1	1
3779	2	1
3780	1	1
3780	2	1
3781	2	1
3782	2	1
3783	2	1
3784	2	1
3785	2	1
3786	2	1
3787	2	1
3788	2	1
3789	2	1
3790	2	1
3791	2	1
3792	2	1
3793	2	1
3794	2	1
3795	2	1
3796	2	1
3797	2	1
3798	0	1
3799	0	1
3800	0	1
3801	0	1
3802	0	1
3803	0	1
3804	0	1
3805	0	1
3806	0	1
3807	0	1
3808	0	1
3809	0	2
3809	1	1
3809	2	1
3810	0	1
3811	0	1
3812	0	1
3813	0	1
3814	0	1
3814	1	1
3814	2	1
3815	0	1
3815	1	1
3815	2	1
3816	0	2
3816	1	2
3816	2	1
3817	0	1
3817	1	1
3817	2	1
3818	0	1
3818	1	1
3818	2	1
3819	0	1
3819	1	1
3819	2	1
3820	0	1
3820	1	1
3820	2	1
3821	0	1
3821	1	1
3821	2	1
3822	0	1
3822	1	1
3822	2	1
3823	1	2
3824	1	2
3825	1	2
3826	1	2
3827	1	2
3828	1	2
3829	1	2
3830	1	2
3831	0	2
3832	0	2
3833	0	1
3834	0	2
3835	0	2
3836	0	1
3837	0	1
3838	0	1
3839	0	1
3840	0	1
3841	0	1
3842	0	1
3843	0	1
3844	0	1
3845	0	5
3846	0	5
3847	0	5
3848	0	5
3849	0	5
3850	0	7
3851	0	5
3852	0	5
3853	0	5
3854	1	2
3855	1	2
3856	1	2
3857	1	2
3858	1	1
3859	1	2
3860	1	2
3861	1	2
3862	1	1
3863	1	1
3864	1	2
3865	1	2
3866	1	2
3867	1	2
3868	0	1
3869	0	1
3869	2	1
3870	0	1
3870	2	1
3871	2	1
3872	0	1
3872	2	2
3873	2	1
3874	0	1
3875	0	1
3876	0	1
3877	0	1
3878	0	1
3879	0	1
3880	0	1
3881	0	2
3881	1	1
3881	2	1
3882	0	1
3883	0	1
3884	0	1
3885	0	1
3886	0	1
3887	0	1
3888	0	1
3889	0	1
3889	1	1
3890	0	1
3890	1	1
3891	0	1
3891	1	1
3892	0	1
3892	1	1
3893	0	1
3893	1	1
3894	0	1
3894	1	1
3895	0	1
3895	1	1
3896	0	1
3896	2	1
3897	0	2
3897	1	1
3897	2	2
3898	0	1
3898	2	1
3899	0	1
3899	2	1
3900	0	1
3900	2	1
3901	0	1
3901	2	1
3902	0	1
3902	2	1
3903	0	1
3904	0	1
3905	0	1
3906	0	1
3907	0	1
3908	0	2
3909	0	4
3910	0	1
3911	0	1
3912	0	2
3913	0	2
3914	0	1
3915	0	2
3916	0	2
3917	0	2
3918	0	2
3919	0	2
3920	0	2
3921	0	3
3922	0	7
3923	0	7
3924	0	6
3924	1	1
3925	0	1
3926	0	1
3927	0	2
3927	1	1
3928	0	7
3929	0	7
3930	0	7
3931	0	9
3932	0	9
3933	0	2
3933	1	1
3934	0	1
3934	1	1
3935	0	1
3935	1	1
3936	0	1
3936	1	1
3937	0	1
3937	1	1
3938	0	1
3938	1	1
3939	0	1
3940	0	1
3941	0	1
3942	0	1
3943	0	1
3944	0	1
3945	0	1
3946	0	1
3947	0	1
3948	0	1
3949	0	1
3950	0	1
3951	0	1
3952	0	2
3953	0	1
3954	0	1
3955	0	2
3956	0	1
3957	0	1
3958	0	1
3959	0	2
3960	0	2
3961	0	2
3962	0	2
3962	1	1
3963	0	1
3964	0	1
3965	0	1
3966	0	1
3967	0	1
3968	0	1
3969	0	1
3970	1	2
3971	1	2
3972	1	2
3973	1	2
3974	1	2
3975	1	2
3976	0	2
3976	1	2
3976	2	2
3977	1	2
3978	1	2
3979	1	3
3980	0	2
3980	2	2
3981	0	2
3981	2	2
3982	0	1
3982	2	1
3983	0	2
3983	2	2
3984	0	2
3984	2	2
3985	0	2
3985	2	2
3986	0	1
3986	2	1
3987	0	2
3987	1	1
3988	0	1
3988	1	1
3989	0	1
3989	1	1
3990	0	1
3990	1	1
3991	0	2
3991	1	1
3992	0	1
3992	1	1
3993	0	1
3993	1	1
3994	0	1
3994	1	1
3995	0	1
3995	1	1
3996	0	1
3996	1	1
3997	0	1
3997	1	1
3998	0	1
3999	0	1
4000	0	1
4001	0	1
4002	0	1
4003	0	1
4004	0	1
4005	0	1
4006	0	1
4007	0	1
4008	0	1
4009	0	1
4010	0	1
4011	0	2
4012	0	2
4013	0	1
4014	0	1
4015	0	1
4016	0	1
4017	0	1
4018	0	2
4019	0	2
4020	0	3
4021	0	2
4022	0	2
4023	0	2
4023	2	1
4024	0	1
4025	0	2
4026	0	1
4027	0	2
4028	0	1
4029	0	1
4030	0	1
4031	0	2
4032	0	2
4033	0	2
4034	0	2
4035	0	2
4036	0	2
4037	0	2
4037	2	1
4038	0	2
4038	2	1
4039	0	1
4040	0	1
4041	0	1
4042	0	1
4043	0	1
4044	0	1
4045	0	1
4046	0	1
4047	0	1
4048	0	1
4049	0	2
4049	1	1
4050	0	1
4051	0	1
4052	0	2
4052	1	1
4053	0	1
4054	0	1
4054	1	1
4055	0	2
4056	0	1
4057	0	1
4058	0	1
4059	0	1
4059	1	1
4060	0	1
4060	1	1
4061	0	1
4061	1	1
4062	0	1
4062	1	1
4063	0	2
4063	1	1
4064	0	1
4065	0	2
4065	1	1
4065	2	1
4066	0	1
4067	0	2
4067	1	1
4067	2	1
4068	0	1
4068	1	1
4068	2	1
4069	0	1
4069	1	1
4069	2	1
4070	0	1
4070	1	1
4070	2	1
4071	0	1
4071	1	1
4071	2	1
4072	0	2
4072	1	1
4072	2	1
4073	0	1
4073	1	1
4073	2	1
4074	0	1
4074	1	1
4074	2	1
4075	0	1
4076	0	1
4077	0	1
4078	0	3
4078	2	2
4079	0	1
4079	2	1
4080	0	1
4080	2	1
4081	0	1
4081	2	1
4082	0	1
4082	2	1
4083	0	1
4084	0	1
4085	0	1
4086	0	1
4087	0	1
4088	0	2
4088	1	1
4089	0	1
4090	0	1
4091	0	1
4092	0	1
4093	0	1
4093	2	1
4094	0	1
4095	0	1
4096	0	1
4097	0	1
4098	0	1
4099	0	1
4100	0	1
4100	2	1
4101	2	1
4102	2	1
4103	2	1
4104	2	1
4105	2	1
4106	2	1
4107	2	1
4108	2	1
4109	0	2
4109	1	2
4110	0	1
4110	1	1
4111	0	2
4111	1	2
4112	0	1
4112	1	1
4113	0	1
4113	1	1
4113	2	1
4114	0	3
4114	1	1
4114	2	1
4115	0	1
4115	1	1
4115	2	1
4116	0	1
4116	1	1
4116	2	1
4117	0	1
4117	1	1
4117	2	1
4118	0	1
4118	1	1
4118	2	1
4119	0	2
4120	0	2
4121	0	2
4122	0	1
4123	0	2
4124	0	2
4125	0	2
4126	0	2
4127	0	6
4128	0	1
4128	2	1
4129	0	1
4129	2	1
4130	0	1
4130	2	1
4131	0	1
4131	2	1
4132	0	1
4133	0	1
4134	0	1
4135	0	1
4136	0	2
4137	0	1
4138	0	1
4139	0	1
4140	0	1
4141	0	1
4142	0	1
4143	0	1
4144	0	1
4145	2	3
4146	2	1
4147	2	3
4148	2	1
4149	2	1
4150	2	1
4151	2	1
4152	2	1
4153	2	1
4154	2	1
4155	2	1
4156	2	1
4157	2	1
4158	2	3
4159	2	3
4160	2	3
4161	2	3
4162	2	3
4163	2	3
4164	2	3
4165	0	1
4165	1	1
4166	0	1
4166	1	1
4167	0	1
4167	1	1
4168	0	1
4168	1	1
4169	0	1
4169	1	1
4170	0	3
4170	1	3
4171	0	1
4171	1	1
4172	0	1
4172	1	1
4173	1	2
4174	1	2
4175	1	2
4176	1	1
4177	1	2
4178	1	1
4179	1	2
4180	1	2
4181	1	2
4182	1	1
4183	1	2
4184	1	2
4185	1	2
4186	1	2
4187	1	2
4188	0	1
4189	0	1
4190	0	1
4191	0	1
4192	0	1
4193	0	1
4194	0	1
4195	0	1
4196	0	1
4197	0	1
4198	0	1
4199	0	1
4200	0	1
4201	0	1
4202	0	1
4203	0	1
4204	0	1
4205	2	1
4206	2	1
4207	2	1
4208	0	1
4208	2	1
4209	2	1
4210	2	1
4211	0	1
4211	2	1
4212	2	1
4213	2	1
4214	2	1
4215	2	1
4216	2	1
4217	0	1
4217	2	1
4218	0	2
4218	2	1
4219	0	1
4219	1	1
4219	2	1
4220	2	1
4221	2	1
4222	2	1
4223	1	1
4224	1	1
4225	1	2
4226	1	1
4227	1	1
4228	1	1
4229	1	1
4230	1	1
4231	1	1
4232	1	1
4233	1	1
4234	1	1
4235	1	1
4236	1	1
4237	1	1
4238	1	1
4239	1	1
4240	1	1
4241	1	1
4242	0	1
4242	1	1
4243	0	1
4243	1	1
4244	0	1
4244	1	1
4245	0	1
4245	1	1
4246	0	1
4246	1	1
4247	0	1
4247	1	1
4248	0	1
4248	1	1
4249	0	1
4249	1	1
4250	0	1
4250	1	1
4251	0	1
4251	1	1
4252	0	1
4252	1	1
4253	0	1
4253	1	1
4254	0	1
4254	1	1
4255	0	1
4255	1	1
4256	0	1
4256	1	1
4257	0	1
4258	0	1
4258	1	1
4259	0	1
4259	1	1
4260	0	6
4260	1	6
4261	0	1
4261	1	1
4262	0	1
4262	1	1
4263	0	1
4263	2	1
4264	0	1
4264	2	1
4265	0	1
4265	2	1
4266	0	1
4266	2	1
4267	0	1
4267	2	1
4268	0	1
4268	2	1
4269	0	1
4269	2	1
4270	0	1
4271	0	1
4272	0	2
4273	0	2
4274	0	1
4275	0	1
4276	0	2
4277	0	1
4277	1	1
4278	0	1
4279	0	1
4280	0	1
4280	1	1
4281	0	2
4281	1	1
4282	0	1
4283	0	1
4284	0	1
4285	0	2
4285	1	1
4286	1	1
4287	1	1
4288	1	1
4289	1	1
4290	1	1
4291	1	1
4292	1	1
4293	1	1
4294	1	1
4295	1	1
4296	1	1
4297	1	1
4297	2	3
4298	0	1
4298	2	1
4299	0	1
4299	2	1
4300	0	1
4300	2	1
4301	0	1
4301	2	1
4302	0	1
4302	2	1
4303	0	2
4303	2	1
4304	0	2
4305	0	1
4306	0	1
4307	0	1
4308	0	1
4309	0	1
4310	0	1
4311	0	1
4312	0	2
4313	0	2
4314	0	2
4315	0	3
4316	0	3
4317	0	3
4318	0	3
4319	0	3
4320	0	3
4321	0	3
4322	0	3
4323	0	1
4324	0	2
4325	0	2
4326	0	2
4327	0	2
4328	0	1
4329	0	1
4330	0	1
4331	0	1
4332	0	1
4333	0	1
4334	0	1
4335	0	1
4336	0	1
4337	0	1
4338	0	1
4339	0	1
4340	0	1
4341	0	1
4342	0	1
4343	0	1
4344	0	2
4345	0	1
4346	0	1
4347	0	1
4348	0	1
4348	1	1
4349	0	1
4349	1	1
4350	0	1
4350	1	1
4351	0	1
4351	1	1
4352	0	1
4352	1	1
4353	0	1
4353	1	1
4354	0	1
4354	1	1
4355	0	1
4355	1	1
4356	0	1
4356	1	1
4357	0	1
4357	1	1
4358	0	3
4359	0	3
4360	0	1
4361	0	1
4362	0	1
4363	0	1
4364	0	1
4365	0	1
4366	0	2
4367	0	1
4368	0	1
4369	0	1
4370	0	3
4371	0	3
4372	0	3
4373	0	4
4374	0	6
4375	1	2
4376	1	2
4377	0	1
4377	1	1
4378	1	1
4379	0	1
4379	1	2
4380	1	1
4381	0	1
4381	1	2
4382	1	1
4383	1	1
4384	0	1
4384	1	2
4385	1	1
4386	1	1
4387	0	1
4387	1	2
4388	0	1
4388	1	2
4389	1	2
4390	1	2
4391	1	2
4392	0	1
4392	1	2
4393	1	2
4394	0	1
4394	1	1
4395	0	1
4395	1	1
4396	0	1
4396	1	1
4397	0	1
4397	1	1
4398	0	1
4398	1	1
4399	0	1
4399	1	1
4400	0	2
4400	1	1
4401	0	1
4401	1	1
4402	0	1
4402	1	1
4403	0	1
4403	1	1
4404	0	1
4404	1	1
4405	0	1
4405	1	1
4406	0	2
4406	1	1
4407	0	1
4407	1	1
4408	0	1
4408	1	1
4409	0	6
4409	1	4
4409	2	1
4410	0	2
4410	1	2
4411	0	1
4411	1	1
4412	0	1
4412	1	1
4413	0	1
4414	0	1
4415	0	1
4416	0	2
4417	0	1
4418	0	1
4419	0	1
4420	0	1
4421	0	1
4422	0	1
4423	0	1
4424	0	1
4424	1	1
4425	0	1
4425	1	1
4426	0	1
4426	1	1
4427	0	1
4427	1	1
4428	0	2
4428	1	1
4429	0	5
4429	1	1
4430	0	1
4431	0	1
4432	0	1
4433	0	2
4434	0	1
4435	0	1
4436	1	2
4437	1	2
4438	1	2
4439	1	1
4440	1	1
4441	1	2
4442	1	2
4443	1	1
4444	1	1
4445	1	1
4446	1	2
4447	1	1
4448	1	2
4449	1	2
4450	1	2
4451	1	2
4452	1	2
4453	1	2
4454	0	1
4454	1	2
4455	0	1
4455	1	2
4456	0	1
4456	1	2
4457	0	2
4458	0	1
4459	0	2
4460	0	1
4461	0	1
4462	0	1
4463	0	1
4464	0	1
4465	0	1
4466	1	2
4467	0	1
4467	1	3
4468	1	2
4469	1	1
4470	1	1
4471	1	1
4472	1	1
4473	1	1
4474	1	2
4475	1	1
4476	1	2
4477	1	3
4478	0	3
4478	1	3
4479	0	3
4479	1	2
4480	0	3
4481	0	3
4482	0	1
4483	0	2
4484	0	3
4485	0	3
4486	0	2
4487	0	1
4488	0	1
4489	0	2
4490	0	3
4491	0	2
4492	0	1
4493	0	1
4494	0	3
4495	0	3
4496	0	3
4497	0	3
4498	0	3
4498	1	1
4499	0	3
4500	0	1
4501	0	1
4502	0	1
4503	0	1
4504	0	1
4505	0	1
4506	0	1
4507	0	1
4508	0	1
4509	0	1
4510	0	1
4511	0	1
4512	0	1
4513	0	1
4514	0	1
4515	0	1
4516	0	1
4517	0	1
4518	0	1
4519	0	1
4520	0	1
4521	0	1
4522	0	1
4523	0	1
4524	0	1
4525	0	1
4526	0	1
4527	0	1
4528	0	1
4529	0	1
4530	0	1
4531	0	1
4532	0	1
4533	0	2
4534	0	2
4535	0	1
4536	0	1
4537	0	1
4538	0	1
4539	0	1
4540	0	1
4541	0	1
4542	0	1
4543	0	1
4544	0	1
4545	0	1
4546	0	2
4547	0	2
4548	0	2
4549	0	2
4550	0	1
4551	0	1
4552	0	1
4553	0	1
4554	0	1
4555	0	2
4556	0	1
4557	0	1
4558	0	1
4559	0	1
4560	0	1
4561	0	1
4562	0	1
4563	0	1
4564	0	1
4565	0	1
4566	0	1
4567	0	1
4568	0	1
4569	0	1
4570	0	1
4571	0	1
4572	0	1
4573	0	1
4574	0	1
4575	0	1
4576	0	1
4577	0	1
4578	0	1
4579	0	1
4580	0	1
4581	0	1
4582	0	1
4583	0	2
4584	0	1
4585	0	1
4586	0	1
4587	0	1
4588	0	1
4589	0	1
4590	0	1
4591	0	1
4592	0	1
4593	0	1
4594	0	1
4595	0	1
4596	0	1
4597	0	1
4598	0	1
4599	0	1
4600	0	1
4601	0	1
4602	0	1
4603	0	1
4604	0	4
4605	0	1
4606	0	1
4607	0	1
4608	0	1
4609	0	1
4610	0	1
4611	0	1
4612	0	1
4613	0	1
4614	0	1
4615	0	1
4616	0	1
4616	2	1
4617	0	1
4618	0	1
4619	0	1
4620	0	1
4621	0	2
4622	0	1
4623	0	1
4624	0	1
4625	0	1
4626	0	1
4627	0	1
4628	0	1
4629	0	1
4630	0	1
4631	0	1
4632	0	1
4633	0	1
4634	0	1
4635	0	1
4636	0	1
4637	0	1
4638	0	2
4639	0	1
4640	0	1
4641	0	1
4642	0	2
4642	1	1
4642	2	1
4643	0	1
4644	0	1
4645	0	1
4646	0	1
4647	0	1
4648	0	1
4649	0	1
4650	0	2
4651	0	1
4652	0	2
4653	0	1
4654	0	1
4655	0	1
4656	0	1
4657	0	1
4658	0	1
4659	0	1
4660	0	1
4661	0	1
4662	0	2
4663	0	1
4664	0	1
4665	0	1
4666	0	2
4667	0	1
4668	0	1
4669	0	1
4670	0	1
4671	0	1
4672	0	1
4673	0	1
4674	0	1
4675	0	1
4676	0	1
4677	0	1
4678	0	1
4679	0	2
4679	1	1
4679	2	1
4680	0	1
4681	0	1
4682	0	1
4682	1	1
4682	2	1
4683	0	1
4683	1	1
4683	2	1
4684	0	1
4684	1	1
4684	2	1
4685	0	1
4685	1	1
4685	2	1
4686	0	1
4686	1	1
4686	2	1
4687	0	1
4687	1	1
4687	2	1
4688	0	1
4688	1	1
4688	2	1
4689	0	1
4689	1	1
4689	2	1
4690	0	2
4690	1	1
4690	2	2
4691	0	1
4691	1	1
4691	2	1
4692	0	1
4692	1	1
4692	2	1
4693	0	1
4693	1	1
4693	2	1
4694	0	1
4694	1	1
4694	2	1
4695	0	1
4695	1	1
4695	2	1
4696	0	1
4696	2	1
4697	0	1
4697	2	1
4698	0	1
4698	2	1
4699	0	1
4699	2	1
4700	0	1
4700	2	1
4701	0	1
4701	2	1
4702	0	1
4702	2	1
4703	0	1
4703	2	1
4704	0	1
4704	2	1
4705	0	1
4705	2	1
4706	0	2
4706	2	1
4707	0	1
4707	2	1
4708	0	1
4708	1	1
4708	2	1
4709	0	1
4710	0	1
4711	0	1
4712	0	1
4713	0	1
4714	0	1
4715	0	1
4716	0	2
4716	1	1
4717	0	1
4718	0	2
4718	1	1
4719	0	1
4720	0	1
4720	1	1
4721	0	1
4722	0	1
4722	1	1
4723	0	1
4723	1	1
4724	0	1
4724	1	1
4725	0	1
4725	1	1
4726	0	1
4726	1	1
4727	0	1
4727	1	1
4728	0	1
4728	1	1
4729	0	1
4729	1	1
4730	0	1
4730	1	1
4731	0	1
4731	1	1
4732	0	1
4732	1	1
4733	0	1
4733	1	1
4734	0	1
4734	1	1
4735	0	1
4735	1	1
4736	0	1
4736	1	1
4737	0	1
4737	1	1
4738	0	1
4738	1	1
4739	0	1
4740	0	1
4740	2	1
4741	0	1
4742	0	1
4743	0	1
4743	2	1
4744	2	1
4745	0	1
4745	2	1
4746	2	1
4747	2	1
4748	0	1
4749	0	1
4750	0	1
4751	0	1
4752	0	1
4753	0	1
4753	1	1
4753	2	1
4754	0	1
4754	1	1
4754	2	1
4755	0	1
4755	1	1
4755	2	1
4756	0	1
4756	1	1
4756	2	1
4757	0	1
4757	1	1
4757	2	1
4758	0	1
4758	1	1
4758	2	1
4759	0	1
4759	1	1
4759	2	1
4760	0	1
4760	1	1
4760	2	1
4761	1	1
4762	1	1
4763	1	1
4764	1	1
4765	1	1
4766	1	1
4767	1	1
4768	1	1
4769	1	1
4770	0	1
4770	1	1
4771	1	1
4772	1	2
4773	1	1
4774	1	1
4775	0	1
4776	0	1
4777	0	1
4778	0	1
4779	0	1
4780	0	1
4781	0	1
4782	0	1
4783	0	1
4784	0	1
4785	0	1
4786	0	1
4787	0	1
4788	0	1
4789	0	1
4790	0	1
4791	0	1
4792	0	1
4793	0	1
4793	1	1
4794	0	1
4794	1	1
4795	0	1
4795	1	1
4796	0	1
4796	1	1
4797	0	1
4797	1	1
4798	0	1
4798	1	1
4799	0	1
4799	1	1
4800	0	1
4800	1	1
4801	2	1
4802	2	1
4803	2	1
4804	2	1
4805	2	1
4806	2	1
4807	2	1
4808	2	1
4809	2	1
4810	2	1
4811	2	1
4812	2	1
4813	2	1
4814	2	1
4815	2	1
4816	0	2
4816	2	1
4817	2	1
4818	2	1
4819	2	1
4820	1	1
4820	2	1
4821	2	1
4822	0	1
4823	0	1
4824	0	1
4825	0	1
4826	0	1
4827	0	1
4828	0	1
4829	0	1
4830	0	1
4830	1	1
4831	0	1
4831	1	1
4832	0	1
4832	1	1
4833	0	1
4833	1	1
4834	1	1
4835	1	1
4836	1	1
4837	1	1
4838	0	1
4838	1	1
4839	0	3
4839	1	3
4839	2	1
4840	1	1
4841	1	1
4842	1	1
4843	1	1
4844	1	1
4845	1	1
4846	1	1
4847	1	1
4848	1	1
4849	1	1
4850	1	1
4851	0	2
4852	0	2
4853	0	2
4853	1	1
4853	2	1
4854	0	1
4855	0	1
4856	0	1
4857	0	1
4858	0	1
4859	0	2
4860	0	1
4861	0	1
4862	0	1
4863	0	2
4864	0	1
4864	1	1
4865	0	1
4865	1	1
4866	0	1
4866	1	1
4867	0	1
4867	1	1
4868	0	1
4869	0	1
4870	0	1
4871	0	1
4872	0	1
4873	1	1
4874	1	1
4875	1	1
4876	1	1
4877	1	1
4878	1	1
4879	0	1
4879	1	2
4880	1	1
4881	1	1
4882	1	1
4883	1	1
4884	1	1
4885	1	1
4886	1	1
4887	1	1
4888	1	1
4889	1	1
4890	1	1
4891	1	1
4892	1	1
4893	1	1
4894	1	1
4895	1	1
4896	1	1
4897	1	1
4898	1	1
4899	1	1
4900	1	1
4901	1	1
4902	1	1
4903	1	1
4904	0	2
4904	1	1
4905	0	2
4905	1	1
4906	0	1
4906	1	1
4907	0	1
4907	1	1
4908	0	1
4908	1	1
4909	0	1
4909	1	1
4910	0	1
4910	1	1
4911	0	1
4911	1	1
4912	0	2
4912	1	1
4913	0	1
4913	1	1
4914	0	1
4914	1	1
4915	0	2
4915	1	1
4916	0	2
4916	1	1
4917	1	1
4918	1	1
4919	1	1
4920	1	1
4921	1	1
4922	1	1
4923	1	1
4924	1	1
4925	1	1
4926	1	1
4927	1	1
4928	1	1
4929	1	3
4930	1	3
4931	0	1
4932	0	1
4933	0	1
4934	0	1
4935	0	1
4936	0	1
4937	0	1
4938	0	1
4939	0	1
4940	0	1
4941	0	3
4941	1	2
4941	2	2
4942	0	1
4942	1	1
4942	2	1
4943	0	1
4943	1	1
4943	2	1
4944	0	1
4944	1	1
4944	2	1
4945	0	1
4945	1	1
4945	2	1
4946	0	2
4946	1	1
4947	0	2
4947	1	1
4947	2	1
4948	0	1
4949	0	1
4950	0	1
4951	0	1
4952	0	2
4952	1	1
4952	2	1
4953	0	1
4954	0	1
4955	0	1
4956	0	1
4957	1	1
4958	0	1
4959	0	1
4960	0	1
4961	0	1
4962	0	1
4963	0	2
4964	0	1
4965	0	2
4966	0	1
4967	0	1
4968	0	1
4969	0	1
4970	1	1
4971	1	1
4972	1	1
4973	1	1
4974	1	1
4975	1	1
4976	1	1
4977	1	1
4978	1	1
4979	1	1
4980	1	1
4981	1	1
4982	1	1
4983	0	1
4983	1	1
4984	0	1
4984	1	1
4985	0	1
4985	1	1
4986	0	1
4986	1	1
4987	1	1
4988	1	1
4989	1	1
4990	1	1
4991	1	1
4992	1	1
4993	1	1
4994	1	1
4995	1	1
4996	1	1
4997	1	1
4998	1	1
4999	1	1
5000	1	2
5001	0	1
5001	2	1
5002	0	1
5002	2	1
5003	0	1
5003	2	1
5004	0	1
5004	2	1
5005	0	1
5005	1	1
5005	2	1
5006	0	1
5006	2	1
5007	0	1
5007	2	1
5008	0	1
5008	2	1
5009	1	1
5010	1	1
5011	1	1
5012	1	1
5013	1	1
5014	1	1
5015	1	1
5016	1	1
5017	1	1
5018	1	1
5019	1	1
5020	1	1
5021	1	1
5022	1	1
5023	1	1
5024	1	1
5025	1	1
5026	1	1
5027	0	2
5028	0	2
5029	0	1
5030	0	2
5031	0	1
5032	0	1
5033	0	2
5034	0	1
5035	0	1
5036	0	1
5037	0	1
5038	0	1
5039	0	1
5040	0	1
5041	0	1
5042	0	1
5043	0	1
5044	0	1
5045	0	1
5046	0	2
5047	0	2
5048	0	2
5049	0	1
5050	0	1
5051	0	2
5052	0	1
5053	0	2
5054	0	2
5055	0	3
5056	0	3
5057	0	2
5058	0	2
5059	0	2
5060	0	1
5061	0	2
5062	0	1
5063	0	1
5064	0	1
5065	0	1
5066	0	1
5067	0	1
5067	1	1
5068	0	1
5068	1	1
5069	0	1
5069	1	2
5070	0	1
5070	1	1
5071	0	1
5071	1	1
5072	0	1
5072	1	1
5073	0	2
5073	1	3
5074	0	1
5074	1	1
5075	0	1
5075	1	1
5076	0	1
5077	0	1
5078	0	1
5079	0	1
5080	0	1
5081	0	1
5082	0	1
5083	0	1
5084	0	1
5085	0	1
5086	0	1
5087	0	1
5088	0	1
5089	1	1
5090	1	1
5091	1	1
5092	1	1
5093	1	1
5094	1	1
5095	1	1
5096	1	1
5097	1	1
5098	1	1
5099	1	1
5100	1	1
5101	0	1
5101	1	1
5102	0	1
5102	1	1
5103	0	1
5103	1	1
5104	0	1
5104	1	1
5105	0	1
5105	1	1
5106	0	1
5106	1	1
5107	0	1
5107	2	1
5108	0	1
5108	2	1
5109	0	1
5109	2	1
5110	0	1
5110	2	1
5111	0	1
5111	2	1
5112	0	1
5112	2	1
5113	0	1
5113	2	1
5114	0	1
5114	2	1
5115	0	1
5115	2	1
5116	1	1
5117	1	1
5118	1	1
5119	1	1
5120	0	1
5121	0	1
5122	0	1
5123	0	1
5124	0	1
5125	0	1
5126	0	1
5127	0	1
5128	0	1
5129	0	1
5130	2	1
5131	2	1
5132	2	1
5133	2	1
5134	2	1
5135	2	1
5136	1	1
5136	2	1
5137	1	1
5138	1	1
5139	1	1
5140	1	1
5141	1	1
5142	1	1
5143	1	1
5144	1	1
5145	1	1
5146	1	1
5147	1	1
5148	1	1
5149	1	1
5150	1	1
5151	1	1
5152	1	1
5153	1	1
5154	1	1
5155	1	1
5156	1	1
5157	1	1
5158	1	1
5159	1	1
5160	1	1
5161	1	1
5162	1	1
5163	0	1
5163	1	3
5163	2	1
5164	0	1
5165	0	1
5166	0	1
5167	0	2
5168	0	1
5169	0	1
5170	0	1
5171	0	2
5171	2	1
5172	0	2
5172	2	1
5173	0	1
5173	2	1
5174	0	1
5174	2	1
5175	0	1
5176	0	1
5177	0	1
5178	0	1
5179	0	1
5180	0	1
5181	0	1
5182	0	1
5183	0	1
5184	0	1
5185	0	1
5186	0	1
5187	0	1
5188	0	1
5189	0	1
5190	0	1
5191	0	1
5192	0	1
5193	0	1
5194	0	1
5195	0	1
5196	0	1
5197	0	1
5198	0	1
5199	0	2
5200	0	1
5201	0	1
5202	0	1
5203	0	1
5204	0	1
5205	0	1
5206	0	1
5207	0	1
5208	0	1
5209	0	1
5210	0	1
5211	0	1
5212	0	1
5213	0	1
5214	0	1
5215	0	1
5216	0	1
5217	0	1
5218	0	1
5219	0	1
5220	0	1
5220	1	1
5221	0	1
5221	1	1
5222	0	1
5222	1	1
5223	0	1
5223	1	1
5224	0	1
5224	1	1
5225	0	1
5225	1	1
5226	0	1
5226	1	1
5227	0	1
5227	1	1
5228	0	1
5228	1	1
5229	0	1
5229	1	1
5230	0	1
5230	1	1
5231	0	1
5231	1	1
5232	0	1
5232	1	1
5233	0	1
5233	1	1
5234	0	1
5234	1	1
5235	0	1
5235	1	1
5236	0	1
5236	1	1
5237	0	3
5237	1	2
5238	0	1
5238	1	1
5239	0	2
5239	1	1
5240	0	1
5241	0	1
5242	0	1
5242	1	1
5243	0	1
5244	0	1
5245	0	1
5246	0	1
5247	0	1
5247	1	1
5248	0	1
5249	0	1
5250	0	1
5251	0	1
5252	0	1
5253	0	1
5254	0	2
5255	0	1
5256	0	1
5257	0	2
5258	0	1
5259	0	1
5260	0	1
5261	0	1
5262	0	1
5263	0	1
5264	0	1
5265	0	1
5266	0	1
5267	0	1
5267	1	1
5268	0	2
5268	1	1
5269	0	1
5269	1	1
5270	0	1
5270	1	1
5271	0	2
5271	1	1
5272	0	2
5273	0	2
5274	0	1
5275	0	1
5276	0	1
5277	0	1
5278	0	1
5279	0	1
5280	0	2
5281	0	2
5282	0	2
5283	0	3
5284	1	1
5285	1	1
5286	1	1
5287	1	1
5288	1	1
5289	1	1
5290	1	1
5291	1	1
5292	0	1
5292	1	1
5292	2	1
5293	0	1
5293	1	1
5293	2	1
5294	0	1
5294	1	1
5294	2	1
5295	0	1
5295	1	1
5295	2	1
5296	0	1
5296	1	1
5296	2	1
5297	0	1
5297	1	1
5297	2	1
5298	0	1
5298	1	1
5298	2	1
5299	0	1
5300	0	1
5301	0	1
5302	0	1
5303	0	1
5304	1	1
5305	1	1
5306	1	1
5307	1	1
5308	1	1
5309	1	1
5310	1	1
5311	1	1
5312	1	1
5313	1	1
5314	1	1
5315	1	1
5316	1	2
5317	0	3
5317	1	4
5317	2	3
5318	1	1
5319	1	1
5320	1	1
5321	1	1
5322	1	1
5323	1	1
5324	1	1
5325	1	1
5326	1	1
5327	1	1
5328	1	1
5329	1	1
5330	1	1
5331	1	1
5332	1	1
5333	1	1
5334	1	1
5335	2	2
5336	2	1
5337	2	1
5338	2	2
5339	2	1
5340	2	1
5341	0	1
5341	2	1
5342	0	1
5343	0	1
5344	0	1
5344	1	1
5345	0	1
5345	1	1
5346	0	1
5346	1	1
5347	0	1
5347	1	1
5348	0	1
5348	1	1
5349	0	1
5349	1	1
5350	0	1
5350	1	1
5351	0	1
5351	1	1
5352	0	1
5353	0	1
5354	0	1
5355	0	2
5356	0	1
5357	0	1
5358	0	2
5359	0	1
5360	0	1
5361	0	1
5362	0	1
5363	0	1
5364	0	1
5365	0	1
5366	0	1
5367	0	1
5368	0	1
5369	0	1
5370	0	1
5371	0	1
5372	0	1
5373	0	1
5374	0	1
5375	0	1
5376	0	1
5377	0	1
5378	0	1
5379	0	1
5380	0	1
5381	0	1
5382	0	2
5383	0	1
5384	0	1
5385	0	1
5386	0	1
5387	0	1
5388	0	1
5389	0	1
5390	0	1
5391	0	1
5392	0	1
5393	0	1
5394	0	1
5395	0	1
5396	0	1
5397	0	1
5398	0	1
5399	0	1
5400	0	1
5400	1	1
5401	0	1
5401	1	1
5402	0	1
5402	1	1
5403	0	1
5403	1	1
5404	0	1
5404	1	1
5405	0	1
5405	1	1
5406	0	1
5406	1	1
5407	0	1
5407	1	1
5408	0	1
5408	1	1
5409	0	1
5410	0	1
5411	0	1
5412	0	1
5413	0	1
5414	0	1
5415	0	1
5416	0	1
5417	0	1
5418	0	1
5418	1	1
5419	0	1
5419	1	1
5420	0	1
5420	1	1
5421	0	1
5421	1	1
5422	0	1
5422	1	1
5423	0	1
5423	1	1
5424	0	1
5424	1	1
5425	0	1
5425	1	1
5426	0	1
5426	1	1
5427	0	1
5428	0	1
5429	0	1
5430	0	1
5431	0	1
5432	0	1
5433	0	1
5434	0	1
5435	0	1
5435	1	1
5436	0	1
5436	1	1
5437	0	1
5437	1	1
5438	0	1
5438	1	1
5439	0	1
5439	1	1
5440	0	1
5440	1	1
5441	0	1
5441	1	1
5442	0	1
5442	1	1
5443	0	1
5443	1	1
5444	0	5
5445	0	5
5446	0	1
5447	0	1
5448	0	1
5449	0	1
5450	0	1
5451	0	3
5452	0	3
5453	0	1
5454	0	1
5455	0	5
5456	0	5
5457	0	5
5458	0	1
5459	0	1
5460	0	1
5461	0	1
5462	0	1
5463	0	1
5464	0	1
5465	0	1
5466	0	1
5467	0	1
5468	0	1
5469	0	1
5470	0	1
5471	0	1
5472	0	1
5473	0	1
5474	0	1
5475	0	1
5475	1	1
5476	0	1
5477	0	1
5478	0	2
5478	1	1
5479	0	2
5479	1	1
5480	0	1
5481	0	1
5482	0	2
5482	1	1
5483	0	1
5484	0	1
5485	0	2
5485	1	1
5486	0	1
5486	1	1
5487	0	1
5487	1	1
5488	0	1
5488	1	1
5489	0	1
5489	1	1
5490	0	1
5490	1	1
5491	0	1
5491	1	1
5492	0	1
5492	1	1
5493	0	1
5493	1	1
5494	0	1
5494	1	1
5495	0	1
5496	0	1
5497	0	1
5498	0	1
5499	0	1
5500	0	1
5501	0	1
5502	0	1
5503	0	1
5504	0	1
5505	0	2
5505	1	1
5506	0	1
5507	0	2
5507	1	1
5508	0	2
5508	1	1
5509	0	1
5510	0	1
5511	0	1
5511	1	1
5512	0	1
5512	1	1
5513	0	2
5513	1	2
5514	0	2
5515	0	2
5516	0	2
5517	0	1
5518	0	1
5519	0	1
5520	0	1
5521	0	2
5522	0	2
5523	0	1
5524	0	1
5525	0	2
5525	1	1
5526	0	2
5527	0	2
5528	0	1
5528	1	1
5529	0	2
5529	1	1
5530	0	1
5530	1	1
5531	0	1
5531	1	1
5532	0	3
5532	1	1
5533	0	1
5533	1	1
5534	0	1
5535	0	1
5536	0	1
5537	0	1
5538	0	1
5539	0	1
5540	0	1
5541	0	1
5542	0	1
5543	0	1
5544	0	1
5544	1	1
5545	0	1
5545	1	1
5546	0	1
5546	1	1
5547	0	1
5547	1	1
5548	0	1
5548	1	1
5549	0	1
5550	0	1
5551	0	1
5552	0	1
5553	0	1
5554	0	1
5555	0	1
5556	0	1
5557	0	1
5558	0	1
5559	0	2
5560	0	1
5561	0	1
5562	0	1
5563	0	1
5564	0	1
5565	0	1
5566	0	1
5567	0	1
5568	0	2
5568	1	2
5568	2	2
5569	0	2
5569	1	2
5569	2	2
5570	0	2
5570	1	2
5570	2	2
5571	0	2
5571	1	2
5571	2	2
5572	0	2
5572	1	2
5572	2	2
5573	0	2
5573	1	2
5573	2	2
5574	0	2
5574	1	2
5574	2	2
5575	0	2
5575	1	2
5575	2	2
5576	0	3
5577	0	3
5578	0	2
5579	0	3
5580	0	2
5581	0	2
5582	0	3
5583	0	3
5584	0	3
5585	0	3
5586	0	4
5587	0	3
5588	0	3
5589	0	3
5589	1	1
5590	0	3
5591	0	3
5592	0	3
5593	0	3
5594	0	3
5595	0	3
5596	0	3
5597	0	3
5598	0	3
5599	0	3
5600	0	1
5600	1	1
5601	0	1
5601	1	1
5602	0	1
5602	1	1
5603	0	1
5603	1	1
5604	0	1
5604	1	1
5605	2	2
5606	2	1
5607	2	1
5608	1	1
5609	1	1
5610	1	1
5611	1	1
5612	1	1
5613	1	1
5614	1	1
5615	1	1
5616	1	1
5617	1	1
5618	1	1
5619	1	1
5620	1	1
5621	1	1
5622	0	1
5622	1	1
5623	0	1
5623	1	1
5624	0	1
5624	1	1
5625	0	1
5625	1	1
5626	0	1
5626	1	1
5627	0	1
5627	1	1
5628	0	1
5628	1	1
5629	0	1
5629	1	1
5629	2	1
5630	0	1
5630	1	1
5630	2	1
5631	0	1
5631	1	2
5631	2	1
5632	0	1
5632	1	1
5632	2	1
5633	0	1
5633	1	2
5633	2	1
5634	0	1
5634	1	1
5634	2	1
5635	0	1
5635	1	2
5635	2	1
5636	0	1
5636	1	1
5636	2	1
5637	0	1
5637	1	1
5637	2	1
5638	0	1
5638	1	2
5638	2	1
5639	0	1
5639	1	1
5639	2	1
5640	1	1
5641	1	1
5642	1	1
5643	1	1
5644	1	1
5645	1	1
5646	0	1
5647	0	1
5648	0	1
5649	0	1
5650	0	1
5651	0	1
5652	0	1
5653	0	1
5653	1	1
5654	0	1
5654	1	1
5655	0	1
5655	1	1
5656	0	1
5656	1	1
5657	0	1
5657	1	1
5658	0	1
5658	1	1
5659	0	1
5659	1	1
5660	0	1
5660	1	1
5661	0	1
5662	0	1
5663	0	1
5664	0	1
5665	0	1
5666	0	1
5667	0	1
5668	0	2
5669	0	1
5670	0	1
5670	1	1
5671	0	1
5672	1	1
5673	1	1
5674	1	1
5675	1	1
5676	1	1
5677	1	1
5678	1	1
5678	2	1
5679	1	1
5680	1	1
5681	1	1
5682	1	1
5683	0	3
5683	1	2
5683	2	1
5684	0	1
5685	0	2
5685	1	1
5686	0	1
5687	1	2
5688	1	1
5689	1	1
5690	1	1
5691	1	1
5692	1	1
5693	1	1
5694	1	1
5695	1	1
5696	0	1
5696	1	1
5697	0	1
5697	1	1
5698	0	1
5698	1	1
5699	0	1
5699	1	1
5700	0	1
5700	1	1
5701	0	1
5701	1	1
5702	1	1
5703	1	1
5704	1	1
5705	0	1
5705	1	2
5706	1	1
5707	1	1
5708	1	1
5709	1	1
5710	1	1
5711	0	1
5711	1	2
5712	1	1
5713	1	1
5714	1	1
5715	1	1
5716	1	1
5717	1	1
5718	1	1
5719	1	1
5720	1	1
5721	0	1
5722	0	1
5723	0	1
5724	0	1
5725	0	1
5726	0	1
5727	0	1
5728	0	1
5729	0	1
5730	0	1
5731	0	1
5732	0	1
5733	0	1
5734	0	1
5735	0	1
5736	0	1
5737	0	1
5738	0	1
5739	0	1
5739	1	1
5740	0	1
5740	1	2
5741	0	1
5741	1	1
5742	0	1
5742	1	1
5743	0	1
5743	1	1
5744	0	1
5744	1	1
5745	0	1
5745	1	1
5746	0	2
5746	1	2
5747	0	1
5747	1	1
5748	0	1
5748	1	1
5749	2	3
5750	2	3
5751	2	1
5752	2	2
5753	2	1
5754	2	2
5755	2	1
5756	2	1
5757	2	2
5758	2	2
5759	2	1
5760	2	1
5761	2	3
5762	2	3
5763	0	1
5763	1	1
5764	0	1
5764	1	1
5765	0	1
5765	1	1
5766	0	1
5766	1	1
5767	1	1
5768	1	1
5769	1	1
5770	1	1
5771	1	1
5772	1	1
5773	1	1
5774	1	1
5775	1	2
5776	1	1
5777	1	1
5778	1	1
5779	1	2
5780	0	1
5780	1	1
5781	0	1
5781	1	1
5782	0	1
5782	1	1
5783	0	1
5783	1	1
5784	0	1
5784	1	1
5785	0	1
5785	1	1
5786	0	1
5786	1	1
5787	1	1
5788	1	1
5789	1	1
5790	1	1
5791	1	1
5792	1	1
5793	1	1
5794	2	1
5795	2	1
5796	2	1
5797	1	1
5798	1	1
5799	1	1
5800	0	1
5800	1	2
5801	1	1
5802	1	1
5803	1	1
5804	1	1
5805	1	1
5806	1	1
5807	0	1
5807	1	1
5807	2	1
5808	0	1
5808	1	1
5808	2	1
5809	0	1
5809	1	1
5809	2	1
5810	0	1
5810	1	1
5810	2	1
5811	0	1
5811	1	1
5811	2	1
5812	0	1
5812	1	1
5812	2	1
5813	0	1
5813	1	1
5813	2	1
5814	0	1
5814	1	1
5814	2	1
5815	0	1
5815	1	1
5815	2	1
5816	0	1
5816	1	1
5816	2	1
5817	0	1
5817	1	1
5817	2	1
5818	0	1
5818	1	1
5818	2	1
5819	0	1
5819	1	1
5819	2	1
5820	0	1
5820	1	1
5821	0	1
5821	1	1
5822	0	1
5822	1	1
5823	0	1
5823	1	1
5824	0	1
5824	1	2
5825	0	1
5825	1	1
5826	0	1
5826	1	1
5827	1	1
5828	1	1
5829	1	1
5830	1	1
5831	1	1
5832	0	1
5833	0	1
5834	0	1
5835	0	1
5836	0	1
5837	0	1
5838	1	1
5839	1	1
5840	1	1
5841	1	1
5842	1	1
5843	1	1
5844	1	1
5845	0	1
5845	1	1
5846	1	1
5847	1	1
5848	1	1
5849	1	1
5850	1	1
5851	0	1
5852	0	1
5853	0	1
5854	0	1
5855	0	1
5856	0	1
5857	0	1
5858	0	1
5859	0	1
5860	0	1
5861	0	1
5862	0	1
5863	0	1
5864	0	1
5865	0	1
5866	0	1
5867	0	1
5868	0	1
5869	0	1
5869	1	1
5870	0	1
5871	0	1
5872	0	1
5872	1	1
5873	1	1
5874	1	1
5875	1	1
5876	1	1
5877	1	1
5878	1	1
5879	1	1
5880	1	1
5881	1	1
5882	1	1
5883	0	1
5883	1	1
5884	0	1
5884	1	1
5885	0	1
5885	1	1
5886	0	1
5886	1	1
5887	0	1
5887	1	1
5888	0	1
5888	1	1
5889	0	1
5890	0	1
5891	0	1
5892	0	1
5893	0	1
5894	0	1
5895	0	1
5895	1	1
5896	0	1
5896	1	1
5897	0	2
5897	1	2
5897	2	1
5898	0	1
5898	1	1
5899	0	1
5899	1	1
5900	0	1
5900	1	1
5901	0	1
5901	1	1
5902	0	1
5902	1	1
5903	0	1
5903	1	1
5904	0	1
5904	1	1
5905	0	1
5905	1	1
5906	0	1
5906	1	1
5907	0	1
5907	1	1
5908	0	1
5908	1	1
5909	0	1
5909	1	1
5910	0	1
5910	1	1
5911	0	1
5911	1	1
5912	0	1
5912	1	1
5913	0	1
5913	1	1
5913	2	1
5914	0	1
5914	1	1
5914	2	1
5915	0	1
5915	1	1
5915	2	1
5916	0	1
5916	1	1
5916	2	1
5917	0	1
5917	1	1
5917	2	1
5918	0	1
5918	1	1
5918	2	1
5919	0	1
5919	1	1
5919	2	1
5920	0	1
5920	1	1
5920	2	1
5921	0	1
5921	1	1
5921	2	1
5922	0	1
5922	1	1
5922	2	1
5923	0	1
5923	1	1
5923	2	1
5924	0	1
5924	1	1
5924	2	1
5925	0	1
5925	1	1
5925	2	1
5926	0	1
5926	1	1
5927	0	1
5927	1	1
5928	0	1
5928	1	1
5929	1	1
5930	1	1
5931	1	1
5932	1	1
5933	1	1
5934	1	1
5935	1	1
5936	1	1
5937	1	1
5938	1	1
5939	1	1
5940	1	1
5941	0	1
5941	1	1
5942	1	1
5943	1	1
5944	1	1
5945	0	1
5946	0	1
5947	0	1
5948	0	1
5949	0	1
5950	0	1
5951	0	1
5952	0	1
5953	0	1
5954	0	1
5955	0	1
5956	0	1
5957	0	1
5958	0	1
5958	2	1
5959	0	1
5959	2	1
5960	0	1
5960	2	1
5961	0	1
5961	2	1
5962	0	2
5962	1	1
5962	2	1
5963	0	1
5963	2	1
5964	0	1
5964	2	1
5965	0	1
5965	2	1
5966	0	1
5966	2	1
5967	0	1
5967	2	1
5968	0	1
5968	2	1
5969	0	1
5969	1	1
5970	0	1
5970	1	1
5971	0	1
5971	1	1
5972	0	1
5972	1	1
5973	0	1
5973	1	1
5974	0	1
5974	1	1
5975	0	1
5975	1	1
5976	0	1
5976	1	1
5977	0	1
5977	1	1
5978	0	1
5978	1	1
5979	0	1
5979	1	1
5980	0	1
5980	1	1
5981	0	1
5981	1	1
5981	2	1
5982	0	1
5982	1	2
5982	2	1
5983	0	1
5983	1	1
5983	2	1
5984	0	2
5984	1	2
5984	2	1
5985	0	1
5985	1	1
5985	2	1
5986	0	1
5986	1	1
5986	2	1
5987	0	1
5987	1	1
5987	2	1
5988	0	1
5988	1	1
5988	2	1
5989	0	1
5989	1	3
5989	2	1
5990	0	1
5991	0	1
5992	0	1
5993	0	1
5994	0	1
5995	0	1
5996	0	1
5996	1	1
5997	0	1
5998	0	1
5999	1	1
6000	1	1
6001	1	1
6002	1	1
6003	1	1
6004	1	1
6005	1	1
6006	1	1
6007	1	1
6008	1	1
6009	1	1
6010	1	1
6011	1	1
6012	1	1
6013	1	1
6014	0	1
6014	1	1
6015	0	1
6015	1	1
6016	0	1
6016	1	1
6017	0	1
6017	1	1
6018	0	1
6018	1	1
6019	0	1
6019	1	1
6020	0	1
6021	0	1
6022	0	2
6022	1	1
6023	0	1
6023	1	1
6024	0	1
6024	1	1
6025	0	1
6025	1	1
6026	0	1
6026	1	1
6027	2	1
6028	2	1
6029	2	1
6030	2	1
6031	2	1
6032	2	1
6033	0	1
6034	0	1
6035	0	1
6036	0	1
6037	0	1
6038	0	1
6039	2	1
6040	2	1
6041	2	1
6042	2	1
6043	2	1
6044	2	1
6045	2	1
6046	2	1
6047	2	1
6048	1	1
6049	1	1
6050	1	1
6051	1	1
6052	1	1
6053	1	1
6054	1	1
6055	1	1
6056	1	1
6057	1	1
6058	1	1
6059	1	1
6060	0	1
6061	0	1
6062	0	1
6063	0	1
6064	0	1
6064	1	1
6065	0	1
6065	1	1
6066	0	1
6066	1	1
6067	0	1
6067	1	1
6068	0	1
6068	1	1
6068	2	1
6069	0	1
6069	1	1
6069	2	1
6070	1	1
6071	1	1
6072	1	1
6073	1	1
6074	1	1
6075	1	1
6076	1	1
6077	1	1
6078	1	1
6079	1	1
6080	1	1
6081	1	1
6082	1	1
6083	1	1
6084	0	1
6084	1	1
6084	2	1
6085	0	1
6085	1	1
6085	2	1
6086	0	1
6087	0	1
6088	0	1
6089	0	1
6090	0	1
6091	0	1
6092	0	1
6093	0	1
6094	0	1
6095	0	1
6096	0	1
6097	0	1
6098	0	1
6099	0	1
6100	0	1
6101	0	1
6102	0	1
6103	0	1
6104	0	1
6105	0	1
6106	0	1
6107	0	1
6108	0	1
6109	0	1
6110	0	1
6111	0	1
6112	0	1
6113	0	1
6114	0	1
6115	0	1
6116	0	1
6117	0	1
6118	0	1
6119	0	1
6120	0	1
6121	0	1
6122	0	1
6123	0	1
6124	0	1
6125	0	1
6126	0	1
6127	0	1
6128	0	1
6129	0	1
6130	0	1
6131	0	1
6132	0	1
6133	0	1
6134	0	1
6135	0	1
6136	0	1
6137	0	1
6138	0	1
6139	0	1
6139	2	1
6140	0	2
6140	1	1
6140	2	2
6141	0	1
6141	2	1
6142	0	1
6142	2	1
6143	0	1
6143	2	1
6144	0	1
6144	2	1
6145	0	1
6145	2	1
6146	0	1
6146	2	1
6147	0	1
6147	2	1
6148	0	1
6149	0	1
6150	0	1
6151	1	1
6152	1	1
6153	1	1
6154	1	1
6155	1	1
6156	1	1
6157	1	1
6158	1	1
6159	1	1
6160	1	1
6161	1	1
6162	1	1
6163	0	1
6164	0	1
6165	0	1
6166	0	1
6167	0	1
6168	0	1
6169	0	1
6170	0	1
6171	0	1
6172	0	1
6173	0	1
6174	0	1
6175	1	1
6176	1	1
6177	1	1
6178	1	1
6179	1	1
6180	1	1
6181	1	1
6182	1	1
6183	1	1
6184	1	1
6185	1	1
6186	1	1
6187	1	1
6188	1	1
6189	1	1
6190	0	1
6190	1	1
6191	1	1
6192	1	1
6193	1	1
6194	1	1
6195	1	1
6196	1	1
6197	1	1
6198	1	1
6199	1	1
6200	1	1
6201	1	1
6202	1	1
6203	1	1
6204	1	1
6205	1	2
6206	1	1
6207	0	1
6207	1	1
6208	0	1
6208	1	1
6209	0	1
6209	1	1
6210	0	1
6210	1	1
6211	0	1
6211	1	1
6212	0	1
6212	1	1
6213	0	2
6213	1	2
6214	0	1
6214	1	1
6215	0	1
6215	1	1
6216	1	1
6217	1	1
6218	1	1
6219	1	1
6220	1	1
6221	1	1
6222	1	1
6223	1	1
6224	1	1
6225	1	1
6226	1	1
6227	1	1
6228	1	1
6229	1	1
6230	1	1
6231	1	1
6232	1	1
6233	1	1
6234	1	1
6235	1	1
6236	1	1
6237	1	1
6238	1	1
6239	1	1
6240	1	1
6241	1	1
6242	1	1
6243	1	1
6244	0	1
6244	1	1
6245	0	1
6245	1	1
6246	0	1
6246	1	1
6247	0	1
6247	1	1
6248	1	1
6249	1	1
6250	1	1
6251	1	1
6252	1	1
6253	1	1
6254	1	1
6255	1	1
6256	1	1
6257	1	1
6258	1	1
6259	1	1
6260	1	1
6261	1	1
6262	1	1
6263	1	1
6264	0	1
6265	0	1
6266	0	2
6266	1	1
6267	0	1
6267	1	1
6268	0	1
6268	1	1
6269	0	1
6269	1	1
6270	0	1
6270	1	1
6271	0	2
6271	1	2
6272	0	1
6272	1	1
6273	0	1
6273	1	1
6274	0	1
6275	0	2
6276	0	1
6277	0	1
6278	0	1
6279	0	1
6280	0	1
6281	0	1
6282	0	1
6283	0	1
6284	0	1
6284	1	1
6285	0	1
6285	1	1
6286	0	1
6286	1	1
6287	0	1
6287	1	1
6288	0	2
6288	1	1
6288	2	1
6289	0	1
6289	2	1
6290	0	1
6290	2	1
6291	0	1
6292	0	1
6293	0	1
6294	0	1
6295	0	1
6296	0	1
6297	0	1
6298	0	1
6299	0	1
6300	0	1
6301	0	1
6302	0	1
6303	0	1
6304	0	1
6305	0	1
6306	0	1
6307	0	1
6308	0	1
6309	0	1
6310	0	1
6311	0	1
6312	0	1
6313	0	2
6314	0	1
6315	0	1
6316	0	2
6317	0	1
6318	0	1
6319	0	1
6320	0	1
6321	0	1
6322	0	1
6323	0	1
6324	0	1
6325	0	1
6326	0	1
6327	2	1
6328	2	1
6329	2	1
6330	2	1
6331	0	1
6332	0	1
6333	0	1
6334	0	1
6335	0	1
6336	0	1
6337	0	1
6338	0	1
6339	0	1
6340	0	1
6341	0	1
6342	0	1
6343	0	1
6344	0	1
6345	0	1
6346	0	1
6347	0	1
6348	0	1
6349	0	1
6350	0	1
6351	0	1
6352	0	1
6353	0	1
6354	0	2
6355	0	1
6355	1	1
6355	2	1
6356	0	1
6356	1	1
6356	2	1
6357	0	1
6357	1	1
6357	2	1
6358	0	1
6358	1	1
6358	2	1
6359	0	3
6359	1	3
6359	2	3
6360	0	3
6360	1	3
6360	2	3
6361	0	1
6361	1	1
6361	2	1
6362	0	1
6362	1	1
6362	2	1
6363	0	1
6363	1	1
6363	2	1
6364	0	1
6364	1	1
6364	2	1
6365	0	3
6365	1	3
6365	2	3
6366	0	3
6366	1	3
6366	2	3
6367	0	3
6367	1	3
6367	2	3
6368	0	3
6368	1	3
6368	2	3
6369	0	1
6369	1	1
6369	2	1
6370	0	1
6370	1	1
6370	2	1
6371	0	1
6371	1	1
6371	2	1
6372	0	1
6372	1	1
6372	2	1
6373	0	1
6373	1	1
6373	2	1
6374	0	1
6374	1	1
6374	2	1
6375	0	1
6375	1	1
6375	2	1
6376	0	1
6376	1	1
6376	2	1
6377	0	1
6377	1	1
6377	2	1
6378	0	1
6378	1	1
6378	2	1
6379	0	1
6379	1	1
6379	2	1
6380	0	1
6380	1	1
6380	2	1
6381	0	1
6381	1	1
6381	2	1
6382	0	1
6382	1	1
6382	2	1
6383	0	1
6383	1	1
6383	2	1
6384	0	1
6384	1	1
6384	2	1
6385	0	1
6386	0	1
6387	0	1
6388	1	1
6389	1	1
6390	1	1
6391	1	1
6392	1	1
6393	1	1
6394	1	1
6395	0	1
6396	0	1
6397	0	1
6398	0	1
6399	0	1
6400	0	1
6401	0	1
6401	1	1
6401	2	1
6402	0	1
6402	1	1
6402	2	1
6403	0	1
6403	1	1
6403	2	1
6404	0	1
6404	1	1
6404	2	1
6405	0	1
6405	1	1
6405	2	1
6406	0	1
6406	1	1
6406	2	1
6407	0	1
6407	1	1
6407	2	1
6408	0	1
6408	1	1
6408	2	1
6409	0	1
6410	0	1
6411	0	1
6412	0	1
6413	0	1
6414	0	2
6415	0	1
6416	0	1
6417	0	1
6418	0	1
6419	0	1
6420	0	1
6421	0	1
6422	0	1
6423	0	1
6424	0	1
6425	0	1
6426	0	1
6427	0	1
6428	0	1
6429	0	1
6430	0	2
6431	0	1
6432	0	1
6433	0	2
6434	0	1
6435	0	1
6436	0	1
6437	0	1
6438	0	1
6439	0	1
6440	0	1
6441	0	1
6442	0	2
6442	1	1
6443	0	1
6444	0	2
6444	1	1
6445	0	1
6446	0	1
6447	0	1
6448	0	1
6449	0	1
6449	1	1
6450	0	1
6450	1	1
6451	0	1
6451	1	1
6452	0	1
6452	1	1
6453	0	1
6453	1	1
6454	0	1
6454	1	1
6455	0	1
6455	1	1
6456	0	1
6456	1	1
6457	0	1
6457	1	1
6458	0	1
6458	1	1
6459	1	1
6459	2	1
6460	1	1
6460	2	1
6461	1	1
6461	2	1
6462	1	1
6462	2	1
6463	1	1
6463	2	1
6464	1	1
6464	2	1
6465	1	1
6465	2	1
6466	1	1
6466	2	1
6467	1	1
6467	2	1
6468	1	1
6468	2	1
6469	1	1
6469	2	1
6470	1	1
6470	2	1
6471	0	1
6471	2	1
6472	0	1
6472	2	1
6473	0	1
6473	1	1
6474	0	1
6474	1	1
6475	0	1
6475	1	1
6476	0	1
6476	1	1
