15_0_0_1	0,1,2,3,4,5,6,7,8,9,10,11,12,13,14,15,16,17,18
15_0_11_12	8,10,16,19,20,21,22,23,24,25,26,27,28,29,30,31,32,33,34,35,36,37,38,39,40,41
15_0_19_21	8,16,33,42,43,44,45,46,47,48,49,50,51,52,53,54,55,56,57,58,59,60,61,62,63,64,65,66,67,68
15_0_27_29	8,33,58,69,70,71,72,73,74,75,76,77,78,79,80,81,82,83,84,85,86,87,88,89,90,91,92,93,94,95
0_0_6_8	8,33,48,58,69,70,71,74,81,85,86,87,88,89,90,91,92,93,94,95,96,97,98,99,100,101,102,103,104,105
0_0_9_11	128,129,130,8,33,58,66,73,89,106,107,108,109,110,111,112,113,114,115,116,117,118,119,120,121,122,123,124,125,126,127
0_0_14_15	2,131,132,133,134,135,136,137,138,139,140,141,142,143,144,145,146,147,148,149,33,39,8,10,16
0_0_47_48	8,10,23,16,19,20,150,151,152,153,154,155,156,157,158,159,33,34,35,36,37,38,39,40,41,29
36_0_14_16	8,16,160,161,162,163,164,165,166,167,168,169,170,171,172,173,174,175,176,177,178,179,180,181,182,183,184,185,58,187,188,189,33,186,113
36_0_17_18	135,8,10,16,33,167,174,190,191,192,193,194,195,196,197,198,199,200,201,202,203,204,205,206,207,208,209,210
36_0_19_20	135,8,10,16,33,188,195,198,200,211,212,213,214,215,216,217,218,219,220,221,222,223,224,225,226
36_0_25_26	8,10,16,33,37,39,48,227,228,229,230,231,232,233,234,235,236,237,238,239,240,241,242,243,244
36_0_27_28	256,257,258,259,260,261,8,10,33,73,89,93,231,233,236,239,245,246,247,248,249,250,251,252,253,254,255
0_1_0_1	0,1,2,3,5,262,263,8,9,10,11,12,13,14,15,16,17,18,6
0_1_8_9	2,264,265,266,267,268,269,270,271,272,273,19,20,33,34,35,36,37,38,39,40,41,8,10,16,113
16_0_0_1	2,3,4,6,7,8,9,10,274,16,17,18,275,276,277,278,279,280,281,282
16_0_13_15	8,283,284,285,286,287,288,289,290,291,292,293,294,295,296,297,298,299,300,301,302,303,304,305,306,307,58,195,33,74,89,90
37_0_23_24	2,135,8,10,16,148,149,33,308,309,310,311,312,313,314,315,316,317,318,319,320,321,322,323,324
37_0_27_28	2,8,10,16,23,289,40,325,326,327,328,329,330,331,332,333,334,335,336,337,338,339,340,341,342,343,33
0_2_3_4	8,10,16,19,20,33,34,35,36,37,38,39,40,41,327,344,345,346,347,348,349,350,351,352,353,354
0_2_11_12	8,10,16,33,48,355,356,357,358,359,360,361,362,363,364,365,366,367,368,369,370,371,372,373,374,375
0_2_16_18	384,385,386,387,388,389,390,391,8,393,394,33,163,392,185,58,77,89,376,377,378,379,380,381,382,383
17_0_0_1	0,1,2,3,4,5,6,7,8,9,10,11,12,13,14,15,16,17,18
17_0_19_20	8,10,395,396,397,398,399,400,401,402,19,20,33,34,35,36,37,38,39,40,41,195,214,16,403,404
17_0_36_38	8,407,405,406,23,33,58,69,70,71,74,75,76,77,80,81,82,83,84,85,86,87,88,89,90,91,92,93,94,95
38_0_0_1	2,3,6,8,9,10,16,17,408,409,410,411,412,413,414,415,416,417,418,419,420,421,422
38_0_8_9	264,265,266,268,269,398,16,33,423,424,425,426,427,8,10,195,355,356,368,369,370,371,372,373,374,375
0_3_0_1	432,2,3,6,262,263,8,9,10,428,429,430,431,16,17,18,435,433,434
0_3_14_15	135,8,10,16,33,436,437,438,439,440,441,442,443,444,445,446,447,448,449,450,451,452,453,74,209
77_0_6_7	8,10,33,48,60,66,454,455,456,457,458,459,460,461,462,463,464,465,466,467,468,469,470,471,472,473
77_0_8_9	260,261,8,10,33,93,73,458,460,463,466,89,474,475,476,477,478,479,480,481,482,483,484,485,486,487
77_0_18_19	8,10,16,33,48,374,77,488,489,490,491,492,493,494,495,496,497,498,499,500,501,502,503,504,505,506,507
77_0_20_21	512,33,514,515,516,517,518,513,8,73,10,492,77,499,496,67,66,508,509,510,511
18_0_6_7	519,520,521,522,523,524,525,398,527,528,529,530,531,532,533,534,535,536,537,538,33,135,8,10,195,209,526,214,16
18_0_15_16	135,520,10,16,529,530,531,532,533,534,535,152,537,538,539,540,541,542,543,544,545,546,547,548,519,8,33,209,536
18_0_17_19	2,8,16,540,545,549,550,551,552,553,554,555,556,557,558,559,560,561,562,563,564,565,566,567,568,58,64,33
39_0_0_1	0,1,2,3,5,6,8,9,10,11,12,13,14,15,16,17,18,410,412
39_0_8_9	264,265,266,268,269,270,16,19,20,152,157,33,34,35,36,37,38,39,40,41,8,569,570,571,572,10
1_0_0_3	2,3,262,263,8,9,16,148,417,6,573,574,575,576,577,578,579,580,581,582,583,584,585,586,587,588,589,590
1_0_10_11	342,264,265,266,268,269,16,33,40,8,440,10,591,592,593,594,595,596,597,598,599,600,601,602,603,604,605,606
1_0_23_25	390,8,16,33,113,58,188,189,195,89,607,608,609,610,611,612,613,614,615,616,617,618,619,620,621,622,623,624,625,626
40_0_12_13	640,641,2,135,8,10,642,16,148,149,33,312,313,318,319,627,628,629,630,631,632,633,634,635,636,637,638,639
40_0_16_17	2,643,644,645,646,647,648,649,10,651,652,653,654,655,272,23,33,40,8,650,327,328,330,331,343,16,484,113
19_0_14_15	2,135,8,10,396,656,657,658,659,660,661,662,663,664,665,666,667,33,312,313,318,319,16,148,149
19_0_18_20	2,8,16,23,668,669,670,671,672,673,674,675,676,677,678,167,680,681,682,683,684,58,64,66,327,328,330,331,33,679
56_0_4_5	8,10,33,685,686,687,688,689,690,691,692,693,694,695,696,697,698,699,700,701,702,703,704,705,706,707,185
56_0_24_25	8,10,16,405,152,33,167,708,709,710,711,712,713,714,715,716,717,718,719,720,721,722,340,342,374
56_0_28_29	214,8,10,397,398,16,33,553,723,724,725,726,727,728,729,730,355,356,368,369,370,371,372,373,374,375
56_0_39_41	8,33,91,304,58,74,77,89,90,731,732,733,734,735,736,737,738,739,740,741,742,743,744,745,746,747,748,749
2_0_0_1	2,3,262,263,8,9,10,16,17,408,409,411,413,414,415,416,417,418,419,420,6,422,421
2_0_11_12	8,10,16,19,20,21,22,23,27,28,29,33,34,35,36,37,38,39,40,41,753,750,751,752,113,754
2_0_15_17	384,386,387,388,389,390,135,8,393,394,398,33,391,392,692,185,58,760,761,89,378,755,756,757,758,759,376,377,762,763
2_0_26_27	768,769,770,8,10,267,16,33,688,458,478,355,356,230,368,369,370,371,372,373,374,375,764,765,766,767
78_0_0_2	2,3,772,773,774,775,776,777,778,779,780,781,782,783,16,771,6,8,9,58,587,784
78_0_23_24	8,10,785,786,787,788,789,790,791,792,793,794,795,796,797,798,33,185,458,77,230,766
97_0_0_1	800,432,2,3,6,433,8,9,10,428,429,430,431,16,17,18,435,434,799
97_0_21_23	2,8,16,148,149,23,47,801,802,803,804,805,806,807,808,809,810,811,812,813,814,815,816,817,818,58,188,195,33
97_0_28_29	8,10,16,820,289,819,436,437,822,823,824,825,826,827,828,821,448,449,450,451,452,453,33,458,209
41_0_12_13	2,135,8,10,16,530,148,149,33,312,313,829,318,319,832,833,834,835,836,837,838,839,840,830,831
41_0_16_17	8,10,16,23,33,40,330,331,327,328,841,842,843,844,77,846,845,848,849,850,851,343,847
117_0_0_2	2,8,16,148,33,680,58,587,852,853,854,855,856,857,858,859,860,861,862,863,864,865
117_0_3_4	2,8,10,16,146,33,327,859,866,867,868,869,870,871,872,873,874,875,876,877,878,879,880,881,882,883,884
178_0_0_1	432,2,3,6,871,8,9,10,428,429,430,431,16,17,18,435,885,433,434
178_0_12_13	135,8,10,16,195,33,436,437,444,448,449,450,451,452,453,209,750,886,887,888,889,890,891,892,893
178_0_29_30	896,897,898,899,900,901,902,903,8,10,16,33,436,437,448,449,450,451,452,453,209,230,886,894,895
178_0_30_32	897,899,900,903,904,905,906,907,908,909,910,911,912,913,914,915,916,917,918,919,920,25,33,8,58,188,921,16,230,894
178_0_40_42	8,398,16,152,922,923,924,925,926,927,928,929,930,931,932,165,934,935,936,937,938,939,185,58,187,667,33,186,933
178_0_45_46	900,8,10,16,33,553,940,941,942,943,436,437,448,449,450,451,452,453,458,77,209,230,766
20_0_0_1	33,944,945,8,10,946,440,16,209,850,947,948,949,950,951,952,953,954,955,956,957
20_0_6_7	8,10,267,16,273,708,33,163,958,959,960,961,962,963,964,709,75,719,720,721,722,340,342,113,374
20_0_12_13	2,8,10,16,33,163,48,965,966,967,968,969,970,971,972,973,355,356,368,369,370,371,372,373,374,375
20_0_26_27	982,8,10,16,33,708,709,77,974,975,976,977,978,979,980,981,342,983,984,719,720,721,722,374,340
57_0_0_1	992,993,2,3,422,6,8,9,10,994,15,16,17,985,986,987,988,989,990,991
57_0_8_9	264,265,266,268,269,16,33,39,938,8,10,593,995,996,997,998,999,1000,1001,1002,1003,1004,1005,1006
57_0_17_19	8,398,16,532,23,33,550,565,566,567,568,58,64,195,1007,1008,1009,1010,1011,1012,1013,1014,1015,1016,1017,1018,1019,1020,1021
3_0_23_24	1024,1025,2,1027,1028,1029,1030,1031,8,1033,10,267,1036,1026,1038,33,390,1032,819,312,1034,1035,1037,342,89,735,1022,1023
3_0_28_29	8,10,1047,1039,16,1041,1042,1043,1044,1045,1046,23,33,40,328,74,331,339,340,342,221,224,1040
79_0_0_1	1056,2,3,6,774,8,777,10,16,17,18,9,1048,1049,1050,1051,1052,1053,1054,1055
79_0_8_9	264,265,266,268,269,16,152,1057,1058,1059,1060,1061,1062,1063,1064,1065,1066,1067,1068,1069,1070,8,10,33,883
79_0_10_12	645,8,266,16,148,33,1061,553,1071,1072,1073,1074,1075,1076,1077,1078,1079,1080,1081,1082,1083,1084,1085,1086,1087,587,589,590,58
79_0_32_33	2,135,8,10,16,148,149,33,1088,1089,1090,1091,1092,1093,1094,1095,1096,1097,1098,1099,1100,1101,1102,1103,1104,1105
79_0_34_35	2,1110,135,8,10,16,289,327,33,1098,334,1106,1107,340,1109,342,1111,1112,1113,1114,1115,1116,1117,1118,883,1108,1095
118_0_0_2	2,8,654,16,148,33,58,1119,1120,865,587,863,864,1121,1122,1123,1124,1125,1126,1127,1128,1129,1130,1131
118_0_3_4	2,8,1132,10,16,33,883,327,1126,1004,1133,1134,1135,1136,1137,1138,1139,1140,1141,1142,1143,1144,1145,1146,1147,1148
98_0_11_13	1152,1153,2,1155,1156,1157,1158,1159,1160,1161,1162,1163,1164,1154,1166,1167,1168,33,390,8,58,1034,66,67,1165,1038,89,735,1035,1145,1147,1149,1150,1151
98_0_14_16	2,8,782,783,16,1169,1170,1171,1172,1173,1174,1175,1176,1177,1178,1179,1180,1181,1182,1183,1184,1185,1186,39,327,313,58,33,587,784,505
98_0_20_22	136,267,407,797,33,1187,1188,1189,1190,1191,1192,1193,1194,1195,1196,1197,1198,1199,1200,8,1202,23,185,58,74,203,593,89,1201,304
4_0_6_7	1027,390,1031,8,1033,10,1035,1036,1037,1038,289,1032,1203,1204,1205,1206,1207,1208,1209,1210,1211,1034,33,342,89,735,1022,1023
4_0_15_16	214,8,10,1039,1040,1045,1046,1047,152,33,40,1212,1213,1214,1215,1216,1217,1218,1219,1220,75,339,340,342,221,224,16
4_0_31_34	783,16,670,1221,33,683,684,74,66,580,581,1222,1223,1224,1225,1226,1227,1228,77,1230,1229,1232,1233,1234,1235,1236,1237,1238,1239,1240,1241,1242,1243,1244,1245,359,1231,113
42_0_0_1	2,3,6,8,10,16,33,957,209,987,989,1246,1247,1248,1249,1250,1251,1252,1253,1254,1255,1256
42_0_15_16	256,2,1029,135,8,10,267,33,965,839,89,93,1257,1258,1259,1260,1261,1262,1263,1264,1265,1266,1267,1268,1269,1270,1271,1272,1273
42_0_18_20	1280,1281,2,1283,1284,1285,1286,8,1282,272,284,797,33,292,677,678,679,680,304,305,185,58,327,74,89,113,1274,1275,1276,1277,1278,1279
179_0_0_2	2,3,772,773,6,775,776,9,778,779,780,781,782,783,16,771,8,58,587,784,871,885
179_0_12_14	1287,1288,1289,1290,1291,908,1293,1294,1295,1296,1297,1298,1299,1300,1301,1302,1303,1304,25,33,47,8,58,956,1292,921,912,16,188,751
179_0_18_19	390,8,10,395,396,1038,399,1305,1306,1307,1308,1309,1310,1311,1312,1313,1314,1315,1316,1317,1318,1319,1320,1321,289,89,735,33
179_0_24_25	8,10,785,786,789,790,791,792,793,794,795,796,797,798,33,688,185,458,77,230,765,766
158_0_6_7	392,10,33,1322,1323,1324,1325,1326,1327,1328,1329,1330,1331,1332,1333,1334,1335,1336,1337,1338,1339,1340,1341,185,956,113,8,248
158_0_13_14	129,130,8,10,66,23,152,33,1342,1343,1344,1345,1346,1347,1348,1349,1350,1351,106,108,121,122,123,124,125,126
22_0_0_1	992,993,2,3,422,6,1352,1353,10,994,15,16,17,8,9,985,986,988,990,991
22_0_8_9	264,265,266,268,269,16,33,39,938,8,10,1354,1355,1356,1357,593,995,996,999,1000,1003,1004,1005,1006
58_0_11_13	8,267,16,273,25,926,33,165,1373,185,186,187,188,189,1358,1359,1360,1361,1362,1363,1364,1365,1366,1367,1368,1369,1370,1371,1372,58,113
58_0_19_21	2,1029,8,267,16,532,23,33,550,565,566,567,568,58,64,1374,1375,1376,1007,1008,1009,1010,1012,1013,1014,1015,1019,1020,1021
58_0_40_41	8,492,10,267,16,33,39,938,48,995,1260,1380,1377,1378,1379,996,1381,1382,1383,1003,1004,1005,1006,1265
58_0_43_46	1284,1285,8,284,33,292,679,304,305,306,307,185,581,73,74,79,89,90,1384,1385,1386,1387,1388,1389,1390,1391,1392,1393,1394,1395,1396,1397,1398,1399,1400,1401,1402,1403
58_0_47_48	1408,1409,1410,1411,1412,1413,1414,1415,8,9,10,77,1390,1416,1396,1404,1405,1406,1407
138_0_0_1	1424,2,3,6,1425,8,1417,1418,1419,1420,1421,1422,1423,16,17,1426,1427,9,18,10
138_0_16_18	135,8,398,1428,1429,1430,1431,1432,1433,1434,1435,1436,1437,1438,1439,1440,33,1442,1443,1444,1445,185,58,706,966,1441,89,757,127
138_0_41_42	2,1283,1285,10,407,23,33,1446,1447,1448,1449,1450,1451,1452,1453,1454,1455,1456,1457,1458,1459,1460,1461,1462,1463,1464,1465,1466,1467,74,89
138_0_43_45	8,16,33,40,1479,1452,58,1468,1469,1470,1471,1472,1473,1474,1475,1476,1477,1478,839,74,77,343,327,1266,883,884
99_0_0_1	1488,1494,422,1489,1480,1481,1482,1483,1484,1485,1486,1487,16,17,1490,1491,1492,1493,8,9,10
99_0_7_9	897,517,8,908,911,912,25,33,46,47,392,52,862,185,58,64,65,73,1495,1496,1497,1498,1499,1500,1501,1502,1503,1504,1505,1506,16
99_0_13_14	8,10,395,396,399,16,33,40,593,214,655,400,1507,1508,1509,1510,1511,1512,1513,1514,1515,1516,1517,1518,1519
99_0_22_23	8,10,33,163,1525,705,66,72,77,1520,1521,1522,1523,1524,501,1526,1527,1528,1529,1530,1531,1532,1533
80_0_0_2	1536,1537,1538,1539,1540,1541,1542,1543,8,1545,1546,1547,1548,918,33,1544,313,58,187,66,1092,185,186,1534,1535
80_0_3_4	1537,1541,8,10,1549,1550,1551,1552,1553,1554,1555,1556,23,26,33,1106,1107,340,342,1113,1114,1115,1116,1117,1118,16,883
80_0_9_10	8,10,16,1560,1557,1558,1559,152,1561,1562,1563,1564,1565,1566,1567,1568,33,1570,163,1572,1573,1574,1569,1571,342,604,883,1148
119_0_0_2	2,8,16,148,149,33,1575,1576,1577,1578,1579,1580,1581,1582,1583,1584,1585,1586,1587,1588,58,587,588
119_0_3_4	256,2,8,10,16,33,327,1582,1589,1590,1591,1592,1593,1594,1595,1596,1597,1598,1599,1600,1601,1602,1603,1604,1605,1606,1607,1118,883,1270,1271
43_0_9_10	2,8,10,16,23,33,48,1610,1611,708,709,1608,1609,74,971,1612,1613,1614,719,720,721,722,340,342,374
43_0_11_12	2,8,10,16,23,33,73,971,1612,1615,1616,1617,1618,1619,1620,1621,355,356,368,369,370,371,372,373,374,375
43_0_29_31	2,8,89,33,91,304,440,58,74,1622,1623,1624,1625,90,731,732,733,734,735,736,737,738,739,741,742,743,744,745,746,747,748,749
43_0_35_36	8,10,16,33,355,356,1626,1627,1628,1629,1630,1631,1632,1633,1634,1635,1636,1637,368,369,370,371,372,373,374,375
43_0_38_39	8,10,267,16,273,33,963,708,709,719,720,721,722,340,342,735,1638,1639,1640,1641,1642,1643,1644,113,374
43_0_42_44	135,8,33,58,69,70,71,74,77,81,85,86,87,88,89,90,91,92,93,94,95,1645,1646,1647,1648,1649,1650,1651
180_0_5_6	1664,1665,1666,135,8,10,267,398,16,33,1197,1199,564,1652,1653,1654,1655,1656,1657,1658,1659,1660,1661,1662,1663
180_0_18_19	897,2,1667,1668,1669,1670,1671,1672,10,785,786,789,791,792,793,794,795,796,797,798,33,8,185,458,230,766
180_0_30_31	8,1673,1674,1675,1676,1677,1678,1679,16,1681,1682,152,33,10,1132,1680,230,1004,1133,883,1143,1144,1145,1146,1147,1148
180_0_38_39	135,8,10,1683,1684,1685,1686,1687,1688,1689,1690,1691,1692,1693,1694,1695,1696,33,48,313,1697,74,89,1647
180_0_42_43	2,1670,8,10,23,398,785,786,791,792,793,794,795,796,797,798,33,1698,1699,1700,1701,1702,48,185,73,972
23_0_9_10	1003,135,8,10,16,152,33,39,1704,1705,1706,1707,1708,1709,1710,1711,819,995,996,1703,1004,1005,1006,938
23_0_14_15	8,10,146,23,33,39,48,1713,1714,1715,1716,1717,1718,1719,1720,1721,1594,1723,1724,66,472,473,1712,1722,878,879
4_1_0_1	1728,1729,2,3,1732,262,6,263,8,9,10,1730,16,17,18,1731,1725,1726,1727
4_1_31_33	2,1288,265,16,1303,1304,33,8,567,58,195,1733,1734,1735,1736,1737,1738,1739,1740,1741,1742,1743,1744,1745,1746,1747,1748,1749,605,359
159_0_0_1	2,3,6,8,9,10,16,17,18,1750,1751,1752,1753,1754,1755,1756,1757,1758
159_0_20_21	641,2,1131,517,135,8,10,16,148,149,1197,1503,1760,1090,1091,1093,1094,203,855,858,859,1759,1504,1761,1762,1763,1764,1765,1766,1767,1768,1769,1770,1771,1772,1773,1774,1775,1776,1777,1778
159_0_22_23	2,135,8,10,16,146,289,327,1779,1780,33,334,859,1761,866,867,874,877,878,879,880,881,882,883,884,1781,1782
59_0_0_2	1792,1793,2,3,6,8,9,1794,16,148,58,587,987,989,864,865,1783,1784,1785,1786,1787,1788,1789,1790,1791
59_0_22_23	2,1795,1796,1797,1798,1799,1800,1801,1802,1803,1804,1805,1806,1807,16,23,289,8,567,10,33,334,1003,1005
44_0_0_1	33,708,709,593,8,10,690,719,16,1809,1810,1811,340,342,374,722,721,720,1808
44_0_7_8	8,10,398,16,152,1812,1813,1814,1815,1816,1817,1818,33,1522,712,717,355,356,368,369,370,371,372,373,374,375
44_0_24_26	8,1819,1820,33,91,304,58,74,77,89,90,731,732,733,735,737,738,739,740,741,742,743,744,745,746,747,748,749
120_0_0_2	2,8,16,148,918,1821,1822,1823,1824,1825,1826,1827,1828,1829,1830,1831,58,1092,33,1097,1098,587,1102,864,865
120_0_3_4	2,8,10,16,33,1832,1833,1834,1835,1836,1837,1838,1206,327,1098,1106,1107,340,342,1111,1113,1114,1115,1116,1117,1118,883
139_0_12_13	2,8,10,16,23,33,805,40,811,1266,1839,1840,1841,1842,1843,1844,1845,1468,1470,1476,1477,1478,1479,214,343,839
139_0_25_26	2,1667,8,10,16,195,33,1846,1847,1848,1849,1850,1851,1852,1853,1854,1855,1856,1857,1858,1859,327,1742,1118,259,883
139_0_33_34	1283,1285,10,1861,33,1446,1447,1452,1456,1457,1458,1459,1460,1461,1462,1463,1464,1465,1466,1467,1333,1860,1206,1862,1863,74,89,735,737,113,248
24_0_0_1	416,2,3,422,6,1864,1865,1866,1867,1868,1869,1870,1871,16,17,8,9,1352,10,1353
24_0_8_9	342,264,265,266,268,269,16,152,33,40,8,10,1872,1873,1874,1875,1876,1877,1878,1879,1880,1881,1882,1883,1884,606
81_0_0_1	1888,1889,1107,33,8,10,1885,16,1106,883,340,1886,342,152,1113,1114,1115,1116,1117,1118,1887
81_0_2_4	8,267,16,33,553,185,58,195,587,721,471,864,1890,1891,1892,1893,1894,1895,1896,1897,1898,1899,1900,1901,1902,1903,1904,1905,1906,1907
81_0_15_16	2,8,10,16,148,33,1071,1073,1083,1084,1085,1086,1087,590,97,1908,1909,1910,1911,1912,1913,1914,1915,1916,1917
100_0_0_1	1920,1921,1922,1923,1924,1925,1926,1927,8,9,1930,1931,1932,16,17,422,1928,1929,10,1482,1918,1919
100_0_18_19	2,8,265,10,23,1933,1934,1935,1936,1937,1938,1939,1940,1941,1942,1943,1944,1945,1946,1947,33,440,593,210,469,16,209
100_0_30_32	299,8,16,795,1948,1949,1950,1951,1952,1953,1954,1955,1956,1957,1958,1959,1960,553,1962,1963,1964,58,64,66,67,33,77,1961
181_0_28_29	8,1132,10,16,33,1965,1966,1967,1968,1969,1970,1971,1972,1973,1974,327,593,1004,1133,883,1143,1144,1145,1146,1147,1148
181_0_35_36	2,1670,8,10,785,786,791,792,793,794,795,796,797,798,33,163,48,1975,1976,1977,1978,1979,1980,1981,185
181_0_37_38	8,10,267,16,1947,33,163,48,1979,1981,1982,1983,1984,1985,1986,1987,1988,1989,1990,327,1383,1260,1265,883,1148
181_0_40_43	1284,1285,8,284,33,292,679,304,305,306,307,1993,185,1994,581,1991,1992,73,74,1995,77,79,89,90,1384,1385,1386,1392,1393,1397,1398,1399,1400,1401,1402,1403
160_0_0_2	2,8,16,148,149,918,1092,33,818,58,188,1602,1603,1604,1097,1098,1996,1997,1998,1999,2000,2001,2002,2003,2004,2005,2006,2007
160_0_3_4	2,8,10,16,2009,2010,33,2011,1116,2013,2014,327,1098,1106,1107,340,342,1111,2008,1113,1114,1115,2012,1117,1118,2015,883
5_0_17_18	390,1031,8,1033,1034,1035,1036,1037,1038,23,33,1032,10,74,342,89,2016,2017,2018,2019,2020,2021,2022,2023,2024,2025,1022,1023
5_0_24_25	8,10,1047,1039,16,1043,1045,1046,23,152,33,40,1218,327,339,340,342,221,224,1040,2026,2027,2028,2029,2030,2031,2032
5_0_44_47	2048,2049,2050,2051,2052,129,8,1040,1047,33,805,40,812,1200,66,195,581,1223,74,1234,1235,1244,1245,735,737,16,2033,2034,2035,2036,2037,2038,2039,2040,2041,2042,2043,2044,2045,2046,2047
121_0_0_2	641,2,2053,2054,2055,2056,2057,2058,2059,2060,2061,2062,2063,2064,2065,2066,2067,148,33,8,58,587,864,865,16
121_0_3_4	2,1067,8,10,2060,16,2068,2069,2070,2071,2072,2073,2074,1057,1058,1065,1066,327,1068,1069,1070,33,883
60_0_0_1	2080,2081,2,3,6,8,9,10,2079,2082,2077,16,17,18,2083,987,2076,989,2078,2075
60_0_16_18	897,8,265,782,783,16,1169,1170,1171,25,1178,1182,1183,1184,33,1186,2084,2085,2086,167,2088,2089,2090,2091,58,1185,587,784,2087,505,39
60_0_22_23	8,10,396,398,400,1696,33,2092,2093,2094,2095,2096,2097,2098,2099,2100,2101,2102,2103,74,593,214,88,89
60_0_36_37	8,10,16,195,33,440,2105,2106,2107,2108,2109,2110,2111,2112,2113,2114,2115,2116,2117,2118,2119,2120,2104,209,750,892
45_0_25_26	342,8,10,16,709,33,163,48,962,708,965,2121,2122,2123,2124,1613,2126,2125,720,721,722,340,214,719,374
45_0_27_28	8,10,16,33,163,944,945,951,952,953,954,955,956,957,962,73,2122,75,2126,1615,2128,2129,850,1618,2127,209,2130
25_0_0_1	992,993,2,3,422,6,1352,1353,10,994,15,16,17,8,9,985,986,988,990,991
25_0_8_9	264,265,266,908,269,912,25,33,39,938,8,10,268,2131,2132,2133,16,995,996,999,1003,1004,1005,1006
101_0_0_1	800,2,3,6,8,9,10,1870,16,17,18,2134,2135,2136,2137,2138,2139,2140,2141,799
101_0_11_13	1285,8,908,912,25,33,165,185,186,187,188,189,58,2142,2143,2144,2145,2146,2147,2148,2149,2150,2151,2152,2153,2154,2155,2156,2157,1535,16
101_0_23_25	2176,2177,2178,1283,8,398,284,33,292,304,305,58,66,74,89,2158,2159,2160,2161,2162,2163,2164,2165,2166,2167,2168,2169,2170,2171,2172,2173,2174,2175
101_0_28_29	2,2179,2180,2181,2182,2183,2184,2185,2186,2187,2188,2189,2190,2191,2192,2193,2194,2195,2196,797,798,33,8,185,10,230
140_0_0_1	2,3,582,6,8,9,10,1419,1421,16,17,18,2197,2198,2199,2200,2201,2202,2203,2204,2205
140_0_8_9	256,257,258,259,260,261,264,265,266,268,269,152,2206,2207,2208,2209,2210,8,821,10,33,89,93,245,246,254,255
140_0_14_16	257,259,8,267,16,46,25,33,2211,2212,2213,2214,2215,2216,2217,2218,2219,2220,2221,2222,2223,2224,2225,2226,2227,2228,185,58,64,706,1963,997
140_0_37_38	135,8,10,16,538,33,1962,2226,2229,2230,2231,2232,2233,2234,2235,2236,2237,2238,2239,2240,77,209,230
82_0_0_1	2241,2,3,6,8,9,10,2242,1870,16,17,18,2134,2135,2136,2137,2138,2139,2140,2141
82_0_10_12	8,266,2243,25,1308,33,392,185,58,2250,62,66,67,2244,2245,2246,2247,2248,2249,458,2251,2252,2253,2254,2255,2256,2257,2258,2259,2260,2261
82_0_23_24	897,2179,2180,136,10,2187,2191,2192,2193,2194,2195,2196,797,798,33,8,185,2262,2263,2264,2265,2266,2267,2268,2269,230
161_0_0_2	2,8,16,148,149,918,33,298,816,818,58,188,338,855,858,859,2270,2271,2272,2273,2274,2275,2276,2277,2278,2279
161_0_3_4	2,8,10,877,16,146,33,327,859,866,867,2280,2281,2282,2283,2284,2285,878,879,880,881,882,883,884,874
6_0_4_5	2,135,8,10,16,148,2286,33,312,313,318,319,471,1259,1262,2287,2288,2289,2290,2291,2292,2293,2294,2295,149
6_0_8_9	2304,2305,2,8,10,655,16,23,33,40,327,328,330,331,343,484,113,2296,2297,2298,2299,2300,2301,2302,2303
122_0_0_2	2306,3,2308,2309,2310,2311,2312,9,2314,2315,2316,2,16,2307,148,6,1963,8,2313,58,64,1870,2317,590
122_0_12_14	897,1666,1665,8,1037,2318,2319,2320,2321,2322,2323,2324,2325,2326,2327,2328,25,2330,2331,2332,2333,33,167,2090,2091,47,392,185,58,2329,16,1250
122_0_17_18	214,8,10,396,400,2334,2335,2336,2337,2338,2339,2340,2341,2342,2343,2344,2345,2346,2347,2348,2349,2350,2351,2352,64,33,342,16,839
26_0_0_1	33,995,996,2353,8,10,1003,1004,1005,398,16,593,2354,2355,2356,1006,39,938
26_0_6_7	2,8,10,16,148,149,33,163,2357,2358,2359,2360,2361,2362,2363,2364,2365,2366,2367,2368,2369,2370,72,457,1524
26_0_8_9	2,8,10,16,2350,33,163,327,1070,2227,2361,2364,2371,2372,2373,2374,2375,2376,2377,2378,2379,2380,2381,342,883
26_0_10_11	2,8,10,655,16,33,40,327,2376,2378,2382,2383,2384,2385,2386,2387,1507,1508,1515,1516,1517,1518,1519
26_0_12_13	2,8,10,16,33,39,327,2385,2387,2388,2389,2390,2391,2392,2393,2394,2395,2396,2397,2398,2399,623,883,1148
182_0_38_39	2,135,8,10,16,146,148,149,33,2118,74,2400,2401,2402,2403,2404,2405,2406,2407,2408,2409,2410,2411,2412,2413,2414,2415,2416,2417,2418
182_0_45_46	390,1031,1032,1033,10,1035,1036,1037,1038,23,33,8,1034,328,77,342,89,2419,2420,2421,2422,2423,1022,1023
46_0_0_3	2,3,6,8,9,16,148,417,573,574,575,576,577,578,579,580,581,582,583,584,585,586,587,588,589,590,987,989
46_0_11_13	897,390,8,265,266,908,269,911,16,25,33,165,58,188,189,609,89,607,608,912,617,621,622,623,624,625,626,2424,2425,2426
46_0_25_26	2432,2433,2434,2435,2436,8,10,655,16,33,40,821,327,1507,1508,1515,1516,1517,1518,1519,2427,2428,2429,2430,2431
46_0_30_31	2437,2438,2439,2440,2441,2442,2443,16,152,33,342,40,8,10,591,592,2262,599,600,601,602,603,604,605,606,230,111,1522
102_0_1_2	33,1507,1508,167,8,2444,266,1515,1516,2445,2446,2447,16,2449,2448,1517,1518,40,1519,655,10
102_0_13_15	1430,135,8,398,2450,2451,1428,1429,2454,2455,2456,2457,1435,1436,1440,33,1442,1443,1444,1445,185,58,706,1441,2453,89,750,2452,127
62_0_0_1	1728,1729,2,3,1732,6,8,9,10,1730,1725,16,17,18,1731,987,989,1726,1727
62_0_14_15	2,8,10,16,2458,2459,2460,2461,2462,2463,2464,2465,2466,40,325,326,33,333,336,337,338,339,340,341,342,343,230
62_0_16_18	2,8,16,1940,149,2464,33,2467,2468,2469,2470,2471,2472,2473,2474,2475,2476,2477,2478,2479,2480,2481,58,327,593,230,883,884,148
83_0_15_16	2,135,8,10,16,148,149,26,33,2482,2483,2484,2357,2486,2487,2488,2489,2362,2365,2366,2485,2368,2369,2370,2358,2367
83_0_22_23	8,1132,10,16,33,48,2490,2491,2492,2493,2494,2495,2496,2497,2498,1752,735,1004,1133,883,1143,1144,1145,1146,1147,1148
83_0_27_28	1057,1058,2499,2500,2501,2502,33,8,1065,10,1067,1068,77,1070,1069,16,883,2491,1066,2494,735
141_0_0_1	1488,2,3,6,2503,2504,2505,10,1419,2508,1421,2509,16,17,18,1493,8,9,2506,2507
141_0_26_27	135,8,10,267,16,33,944,945,821,951,952,953,954,955,956,957,2510,2511,2512,2513,2514,2515,2516,2517,2518,209,850
141_0_38_40	473,8,472,23,33,680,2524,93,48,58,66,2519,2520,2521,2522,2523,1116,2525,2526,2527,2528,2529,2530,2531,2532,2533,2534,2535,89,1272,1273
141_0_41_43	8,2243,1696,33,2093,2103,58,62,66,67,2245,73,77,2255,2256,2257,2260,2261,89,2536,2537,2538,2539,2540,2541,2542
162_0_0_2	2,8,1545,16,148,149,918,33,818,58,188,1092,1097,1098,2002,2543,2544,2545,2546,2547,2548,2549,2550,2551,2552,2553,2554,2555
162_0_3_4	2560,2561,2,8,10,16,33,327,1098,1106,1107,340,342,1111,1113,1114,1115,1116,1117,1118,883,2556,2557,2558,2559
183_0_12_13	2562,2563,2564,2565,2566,2567,2568,2569,10,16,146,33,48,8,2122,2383,214,866,867,877,878,879,880,881,882,883,884
183_0_14_15	2566,8,2569,2570,2571,2572,2573,2574,2575,2576,33,39,10,73,2122,2388,2389,214,2397,2398,2399,16,623,883,1148
183_0_19_21	1280,1281,2,1283,1284,1285,1286,8,2577,2578,2579,2580,284,797,33,292,677,678,679,680,304,305,2359,185,58,2363,2364,74,89,1274,1275
183_0_22_23	2,8,10,16,2350,2582,2583,2584,2585,2586,2587,33,1070,2227,2364,2371,2372,327,2376,2379,2380,2381,342,883,2581
183_0_24_25	2,8,10,2587,2588,33,48,2496,705,66,327,2376,2382,2384,1122,1125,1520,1521,501,1527,1528,1529,1530,1531,1532,1533
183_0_26_27	8,1132,10,16,2588,2589,2590,2591,2592,33,48,439,2496,2374,327,1004,1133,883,1140,1143,1144,1145,1146,1147,1148
183_0_28_29	8,10,655,16,2592,2593,2594,2595,2596,2597,2598,2599,40,439,327,73,1507,1508,33,1515,1516,1517,1518,1519,1140
6_1_10_11	2,135,8,10,16,148,149,33,2600,2601,2602,2603,308,309,312,313,316,317,318,319,320,321,322,323,324
6_1_14_15	2,8,10,267,16,23,33,40,2604,2605,2606,325,326,327,328,330,331,332,333,336,337,338,339,340,341,342,343
6_1_35_37	1288,16,1303,1304,33,2607,2608,2609,2610,567,58,74,1733,1734,1226,1740,77,1744,1745,1746,1747,1748,1749,605,359,8
123_0_0_1	2,3,6,8,9,10,16,17,18,282,2611,2612,2613,2614,2615,2616,2617,2618,2619,2620,2621,2622,2623,1492
123_0_8_10	264,265,266,1547,268,269,16,33,938,8,2633,313,58,2624,2625,2626,2627,2628,2629,2630,2631,2632,1548,2634,2635,2636,2637,2638,2639,66
123_0_11_12	8,10,16,530,23,33,565,566,440,64,2628,840,2633,2640,2641,2642,2643,2644,2645,2646,2647,2648,2649,2650,1630
123_0_22_24	8,16,33,313,58,2656,66,587,1891,88,2651,2652,2653,2654,2655,864,2657,2658,2659,2660,2661,2662,2663,2664,2665,2666,2667,2668,2669,2670,2671,2553
123_0_25_26	2,517,8,10,16,23,33,883,2657,1607,1118,2064,2664,2672,2673,2674,2675,2676,2677,2678,2679,2680,2681,2682,2683,2684
123_0_37_38	2688,2689,2,2691,2692,2693,2694,135,8,2697,10,2699,2690,256,16,148,149,33,2695,2696,2698,1117,2161,1270,1271,2685,2686,2687
123_0_39_41	256,2692,135,8,2700,2701,2702,2703,2704,2705,2706,2707,2708,2709,2710,2711,2712,33,2346,683,58,66,327,77,1270,1271,1532
27_0_0_1	2,3,6,8,9,10,16,17,2713,2714,2715,2716,2717,2718,2719,2720,2721,2722,2723,422,1352,1353
27_0_20_21	256,8,10,23,33,2724,2725,2726,2727,2728,2729,2730,2731,822,839,89,93,1631,97,1257,1258,1266,1267,1268,1269,1270,1271,1272,1273
27_0_23_24	2,8,10,16,33,2732,2733,2734,48,708,709,1609,971,1613,1614,719,720,721,722,340,342,1259,492,374,1276
27_0_25_26	2,8,10,398,16,33,2734,2735,2736,2737,73,971,1615,1618,1619,355,356,492,368,369,370,371,372,373,374,375
142_0_6_7	8,10,33,2095,2738,2739,2740,2741,2742,2743,2744,2745,2746,2747,2748,2749,2750,2751,2752,2753,66,195,1988,74,214
142_0_13_15	2,1029,135,8,267,16,148,149,33,1444,58,2754,2755,2756,2757,2758,2759,2760,2761,2762,2763,2764,2765,2766,2767,2768,2769,2770,2771,2772,2773,2774,89,1763,127
142_0_22_23	897,2,135,8,10,16,33,944,945,951,952,953,954,955,956,957,209,850,2515,2775,2776,2777,2778,2779,2780,2781,2782
47_1_12_13	2,135,8,10,267,16,146,148,149,33,554,560,2400,2118,2785,457,2783,2784,2401,2786,2407,2408,2411,2412,2413,2414,2415,2416,2417,2418
47_1_16_17	8,10,1696,33,2103,313,327,74,89,2787,2788,2789,2790,2791,2792,2793,2794,2795,2796,2797,2798,2799,2800,2801
84_0_0_1	2241,2,3,6,8,9,10,2809,2242,16,17,18,2803,2804,2805,2806,2807,2808,2802,2810,2811
84_0_8_9	2816,2817,2818,2819,2820,264,265,266,267,268,269,16,531,919,33,48,8,10,1383,1256,1260,1265,2812,2813,2814,2815
84_0_11_13	1280,1283,1284,2821,2822,2823,2824,2825,2826,284,797,1285,33,292,677,678,167,680,304,8,185,58,73,74,305,79,593,89,1286,679,1274,1275
84_0_28_29	2816,2817,2818,2819,2820,8,10,2827,2828,2829,2830,2831,16,2833,2834,2835,919,33,167,48,74,2832,1256,531,2812,2813
63_0_9_10	1408,1793,2470,8,9,10,23,332,1390,15,912,1416,908,2836,2837,2838,2839,2840,25,2842,2841
63_0_7_8	8,10,16,23,2840,2843,2844,2845,2846,2847,2848,2849,40,325,326,33,332,336,337,338,339,340,341,342,343,1388,1390
63_0_25_27	128,129,130,135,8,33,2850,2851,2852,2853,2854,2855,2856,2857,2858,2859,2860,819,58,66,2122,89,106,108,121,122,123,124,125,126,127
63_0_26_27	129,130,135,8,10,33,2851,2852,2853,2855,2856,2858,2859,2860,2861,2862,66,2122,106,108,121,122,123,124,125,126
103_0_0_1	0,1,2,3,5,6,8,9,10,11,12,13,14,15,16,17,18,799,800
103_0_25_26	8,10,16,19,20,21,22,23,27,28,29,33,34,35,36,37,38,39,40,41,2863,2864,2865,2866,2867,593
103_0_36_37	8,10,33,1964,2868,2869,2870,2871,2872,2873,2874,2875,2876,2877,2878,2879,2880,66,67,458,77,230
163_0_0_2	2,517,8,16,148,33,1578,1963,1581,1582,58,64,2881,2882,2883,2884,2885,2886,2887,2888,2889,2890,2891,2892,2893,2894,590
163_0_3_4	256,2,8,10,16,33,327,1582,1589,1590,1597,1600,1601,1602,1603,1604,1605,1606,1607,2895,2896,2897,2898,2899,2900,1118,883,1270,1271
7_0_0_1	1793,2,3,6,262,263,8,9,10,432,17,18,2902,2901,433,2903,2904,2905,2906,2907,16
7_0_13_14	10,16,1045,1046,152,819,313,580,1235,340,342,2908,2909,2910,2911,2912,2913,2914,2915,2916,2917,2918,2919,492,339,374,507
7_0_15_18	8,492,267,1302,33,553,683,684,48,66,581,1223,1234,1235,472,1115,1244,1245,2914,1383,2920,2921,2922,2923,2924,2925,2926,2927,2928,2929,2930,2931,2932,2933,2934,2935,2936,2553
7_0_42_43	1408,2944,2946,2947,2945,8,9,10,2843,2844,2846,1056,1416,1630,1390,2937,2938,2939,2940,2941,2942,2943
7_0_46_47	1027,2948,2949,2950,1031,8,265,10,1035,1036,1037,1038,25,33,390,1032,1204,1033,1208,1034,77,342,89,735,1022,1023
124_0_1_3	2951,2952,2953,2954,267,2956,2957,2958,2959,2960,2961,2962,2963,2964,2965,2966,2967,2968,2969,2970,2971,33,298,8,180,181,185,58,956,2955,89,93,1516,917
124_0_10_12	2,8,16,2972,2973,2974,2975,2976,2977,2978,2979,2980,2981,2982,2983,2984,2985,392,185,58,33,587,588,2258,2259,1249,612,1255,2676,2681
124_0_22_24	8,267,16,1560,33,2986,2987,2988,2989,2990,2991,2992,2993,2994,2995,2996,2997,2998,2999,3000,313,58,63,66,587,3001,2655,864,2670,2671
124_0_26_28	8,1546,1547,3010,16,407,33,74,23,313,58,3003,3004,3005,3006,3007,3008,3009,66,3011,3012,3013,3014,3015,3016,3017,3018,3019,3020,3021,3022,919,3002
124_0_31_33	2,8,16,23,3034,2977,392,818,185,58,188,1478,33,3023,3024,3025,3026,3027,3028,3029,3030,3031,3032,3033,2650,3035,3036,3037,3038,3039,3040,3041,3042,3043,3044,3045
28_0_10_11	256,8,10,33,2725,2729,2730,2731,3049,822,839,74,89,93,1631,3046,3047,3048,1257,1258,1266,1267,1268,1269,1270,1271,1272,1273,3050
28_0_13_14	2,8,10,16,33,2732,2733,2734,48,708,709,1609,971,1613,1614,719,720,721,722,340,342,1259,492,374,1276
28_0_15_16	2,8,492,10,16,33,2734,195,73,971,1615,1618,1619,355,356,3051,3052,3053,368,369,370,371,372,373,374,375
28_0_45_47	8,267,273,33,91,733,304,58,74,89,90,731,732,1629,734,735,736,737,738,739,741,742,743,744,745,746,747,748,749,3054,3055,113
48_0_0_1	2,10,16,17,18,33,180,181,580,1372,3056,3057,3058,3059,3060,3061,3062,3063,3064,3065,3066,3067,3068
48_0_8_11	3072,3073,2,3075,3076,1029,3078,3079,8,267,3074,797,3077,1696,33,1187,1189,1197,1198,1199,1200,1201,1202,185,581,2759,74,203,2765,89,304,3069,3070,3071
48_0_16_17	3080,3081,3082,3083,3084,3085,3086,3087,16,3089,3090,152,33,39,8,10,2388,2389,2397,2398,2399,3088,623,883,1148
143_0_0_1	2,3,6,8,9,10,1419,1794,1421,16,17,18,3091,3092,3093,3094,3095,3096,3097,3098
143_0_10_11	135,8,266,16,152,3099,3100,3101,3102,3103,3104,3105,3106,3107,3108,3109,3110,3111,3112,3113,3114,939,10,33,1147,938
64_0_18_20	516,8,16,2967,819,33,48,3115,3116,3117,3118,3119,3120,3121,3122,3123,3124,3125,3126,3127,3128,3129,58,3131,3132,3133,3134,3135,705,587,185,3130
64_0_39_40	8,10,16,2371,2350,23,152,2372,154,158,159,33,1070,2227,3136,3137,3138,3139,3140,74,2379,2380,2381,342,883,153
104_0_0_1	2,3,6,8,9,10,16,17,18,1926,2613,2615,3141,3142,3143,3144,3145,3146,3147,3148,3149,3150,3151,3152,3153,3154
104_0_8_10	128,129,2,264,265,266,268,130,33,2850,1704,2857,8,58,66,269,3155,3156,3157,3158,89,99,106,108,121,122,123,124,125,126,127
104_0_9_10	129,2,8,265,10,130,33,1704,2861,2862,266,66,269,3155,3156,3157,3158,99,106,108,121,122,123,124,125,126
85_0_15_16	8,10,2955,398,1241,925,33,66,1441,74,3159,3160,3161,3162,3163,3164,3165,3166,3167,3168,3169,3170,3171,3172,3173,3174,2156,1532
85_0_23_24	8,10,16,33,886,1630,355,356,230,3175,3176,3177,3178,3179,3180,3181,3182,368,369,370,371,372,373,374,375,767
85_0_25_27	384,386,387,388,389,390,391,8,393,394,398,33,392,185,58,77,89,735,230,1638,3183,3184,3185,3186,3187,3188,376,377,378,767
85_0_28_29	519,520,10,16,529,530,531,532,533,534,535,536,537,538,33,8,77,209,230,3188,3189,3190,3191,3192,3193
8_0_0_1	432,2,3,6,262,263,8,9,10,428,429,430,431,16,17,18,435,433,434
8_0_11_13	3200,3201,2,3203,3204,3205,3206,3207,8,3209,3210,3211,3212,3202,3214,3215,3216,289,1827,1318,3208,392,185,58,3134,33,587,3213,2258,2259,654,16,1763,3199,3194,3195,3196,3197,3198,2303
8_0_19_20	2,900,8,10,16,3217,3218,3219,3220,3221,33,436,437,448,449,450,451,452,453,458,209,1626,230,750,766
8_0_25_27	8,3222,3223,3224,3225,3226,3227,3228,3229,3230,3231,3232,33,3234,163,3236,3237,306,307,185,58,3233,850,3235,89,90,1385,1259,1388,1390,1402,1403
8_0_43_45	8,1696,33,3238,3239,3240,3241,3242,3243,3244,3245,3246,3247,3248,3249,3250,3251,3252,3253,3254,313,58,816,66,67,74,89,1378,506
164_0_0_2	2,8,1545,16,917,918,33,3255,3256,3257,58,3259,3260,3261,3262,3263,1092,1097,1098,1101,3258,243,244
164_0_3_4	2,8,10,16,33,3264,3265,3266,3267,3268,3269,327,1098,1106,1107,340,342,1111,1113,1114,1115,1116,1117,1118,883
125_0_0_1	2,3,2309,6,2312,9,10,16,17,18,2083,8,434,3270,3271,3272,3273,3274,3275,3276,3277,3278
125_0_27_28	3286,135,8,10,3215,16,2336,33,77,3279,3280,3281,3282,3283,3284,3285,342,3287,3288,1113,1114,1115,1117,209,210
29_0_0_1	289,355,356,33,8,10,369,16,368,370,371,372,373,374,375,3289,3290,3291,3292,3293
29_0_11_13	135,8,1307,33,91,304,58,74,738,739,89,90,731,732,733,3294,3295,3296,3297,3298,3299,3300,741,742,743,744,745,746,747,748,749,1647
49_0_8_9	470,8,10,33,2350,48,66,195,342,472,473,735,3301,3302,3303,3304,3305,3306,3307,3308,3309,3310,3311,3312
49_0_13_15	128,129,130,8,33,2850,2857,819,58,66,121,89,1630,230,106,108,3313,3314,3315,3316,3317,3318,3319,3320,3321,122,123,124,125,126,127
49_0_18_19	3328,3329,3330,3331,3332,3333,3334,8,10,16,919,1560,2820,33,48,2239,342,735,3322,3323,3324,3325,3326,3327
49_0_20_21	3328,256,3331,3335,3336,3337,3338,3339,3340,3341,398,3343,3344,3345,3346,33,1702,48,8,10,1270,73,3342,735,16,374,1271,507
49_0_23_24	2,8,10,16,3347,3348,3349,3350,3351,3352,3353,33,2357,2358,2362,2365,2366,2367,2368,2369,2370,73,98,230,148,149
49_0_25_27	128,8,16,147,3351,3354,3355,3356,3357,3358,3359,3360,3361,3362,2375,48,1336,58,2373,327,77,339,89,123,33,230,107,374,507,124,126,127
49_0_28_29	259,8,10,3361,3363,3364,3365,3366,3367,3368,3369,3370,3371,3372,1340,66,33,73,77,484,1532,1533
144_0_0_1	2080,2081,2,3,6,8,9,10,1419,1421,16,17,2082,2083,18,2075,2076,2077,2078,2079
144_0_26_27	2,1029,135,8,10,267,16,33,3373,3374,3375,3376,3377,3378,3379,2104,2105,2114,2115,2116,2117,2118,2119,2120,209,3303
86_0_0_1	2506,1488,2,3,6,774,2503,2504,2505,10,2507,2508,2509,16,17,18,1493,8,9,777
86_0_37_38	8,10,16,152,1817,33,3380,3381,3382,3383,3384,3385,3386,3387,327,1630,355,356,368,369,370,371,372,373,374,375
86_0_41_42	8,10,16,33,553,944,945,951,952,953,954,955,3388,3389,3390,77,209,850,734,735,736,956,957
105_0_0_1	2304,2,3,6,8,10,16,17,18,2329,33,38,2613,2615,1464,3391,3392,3393,3394,3395,3396,3397,3398,2416,2417,2418
105_0_8_10	128,129,130,264,265,266,268,269,152,33,2850,2857,8,58,66,1349,1874,3155,1878,1879,89,106,108,1875,121,122,123,124,125,126,127
105_0_15_18	8,1388,1241,1441,3399,1466,74,66,581,33,3400,3401,3402,3403,3404,3405,3406,3407,3408,3409,3410,3411,3159,3160,89,3173,3169,327,3171,3172,3170,3174,2156,1390,1532,1279
105_0_32_35	8,3416,3417,797,33,1187,1189,1197,1198,1199,1200,1202,185,66,581,327,74,203,3412,3413,3414,3415,472,89,3418,3419,3420,3421,3422,3423,3424,3425,1388,1390,1279
65_0_14_15	8,10,16,2371,2350,23,152,3140,26,33,1070,2227,3139,2372,2379,2380,2381,342,3426,3427,3428,3429,3430,3431,3432,883
65_0_18_19	9,10,780,163,553,313,580,1388,3433,3434,3435,3436,3437,3438,3439,3440,3441,3442,3443,3444,3445,3446,3447
65_0_20_24	1408,3456,2,3459,3460,3461,3462,3457,8,3465,3466,3467,3468,3458,3470,16,1283,2709,797,33,163,1286,682,3463,3464,185,64,66,1547,580,1223,1548,3469,1234,2595,1241,1244,1245,3451,1390,3439,1235,3448,3449,3450,1275,3452,3453,3454,3455
65_0_34_35	2,8,10,3471,16,3473,3474,3475,33,40,48,327,2378,2383,2385,2386,655,3472,1507,1508,1515,1516,1517,1518,1519
65_0_36_37	8,10,16,3475,3476,3477,3478,33,39,48,327,77,2385,2388,2389,2390,2393,2394,2397,2398,2399,623,883,1148
65_0_38_39	3481,33,3478,3332,3333,3334,327,8,73,10,3479,77,16,342,919,3480,2820,3322,3323,2394,2239
9_0_0_1	2,2056,9,10,2060,16,17,3482,3483,3484,3485,3486,415,3488,3489,3490,3491,3492,422,8,3487,1482
9_0_2_3	2,1029,8,266,267,2060,16,1057,1058,1061,3494,3495,3496,1065,1066,1067,1068,1069,1070,10,33,3493,883
9_0_12_13	1408,1696,3499,3079,8,3497,3498,267,3500,3501,1390,3503,3504,3505,3502,821,9,89,10,2517
9_0_31_32	1696,3513,9,3079,8,3497,3498,407,48,3512,3506,3507,3508,3509,3510,3511,23,89,74,10
9_0_39_40	1696,230,3079,8,3497,3498,77,10,74,3510,9,89,3514,3515,3516,3517,3518,3519
165_0_0_2	2,2056,2059,2060,16,148,149,918,33,1442,8,818,58,188,3520,3521,3522,3523,3524,3525,3526,3527,3528,3529
165_0_3_4	2,8,10,2060,16,2073,1057,1058,1065,1066,1067,1068,1069,1070,33,3530,3531,3532,3533,3534,3535,327,883
126_0_0_2	2,8,642,16,148,33,1463,58,587,3536,3537,3538,3539,3540,3541,3542,3543,3544,3545,3546,1630,864,865
126_0_18_19	135,8,10,3224,33,167,2601,683,66,203,3547,3548,3549,3550,3551,3552,3553,3554,3555,3556,3557,3558,3559,3560,3561,3562,113
126_0_20_21	342,135,8,10,3215,16,33,167,3279,3280,209,210,3284,3286,3287,3288,1113,1114,1115,1117,3552,3555,3563,3564,3565,3566,3567,3568
30_0_0_1	1424,2,3,6,1425,1352,1417,1418,1420,1426,1422,1423,16,17,18,1427,8,9,10,1353
30_0_16_17	256,8,10,16,925,33,327,1839,3571,1589,1590,1597,1600,1601,1602,1603,1604,1605,1606,1607,3574,3575,1118,3569,3570,883,3572,3573,1270,1271,2429
30_0_32_33	3584,3585,2,3587,3588,1029,3590,3591,8,10,267,3586,3589,33,441,66,327,612,2416,2417,2418,3576,3577,3578,3579,3580,3581,3582,3583
30_0_42_44	392,3593,3594,3595,3596,2243,33,2827,3592,185,58,1226,62,66,67,2244,2245,74,2251,77,2255,2256,2257,2258,2259,2260,2261,359,8
145_0_0_1	2,3,6,8,9,10,3597,3598,3599,3600,3601,18,3603,3604,3605,3606,3607,1752,1754,16,17,3602
145_0_8_9	264,265,266,268,269,398,16,3608,3609,3610,3611,3612,33,37,39,8,10,593,227,228,240,241,242,243,244
145_0_20_21	8,10,398,16,3613,3614,3615,3616,3617,3618,3619,3620,3621,3622,3623,3624,3625,3626,3627,3628,3629,3630,327,342,606,33,40,2429
50_0_0_1	2,3,6,8,9,10,16,17,18,1926,3141,3142,3143,3144,3145,3146,3147,3148,3149,3150,3151,3152,3153,3154,987,989
50_0_20_22	128,129,130,135,8,152,33,2850,2856,2857,3631,3632,3633,3634,3635,3636,3637,3638,58,66,1349,89,106,108,121,122,123,124,125,126,127
87_0_0_1	2,3,6,8,9,10,16,17,18,1926,2241,2242,3141,3142,3143,3144,3145,3146,3147,3148,3149,3150,3151,3152,3153,3154
87_0_9_11	256,390,8,265,266,267,269,2196,25,33,165,3639,3640,3641,58,3643,3644,3645,3646,3647,3648,3649,3650,3651,3652,3653,3654,839,185,89,3642,2424
87_0_32_34	128,129,130,8,23,33,2850,2857,73,58,3515,3519,66,3655,3656,3657,3658,3659,77,89,106,108,121,122,123,124,125,126,127
106_0_3_4	3670,8,10,3650,3345,26,33,348,683,1456,1457,1465,66,3660,3661,3662,3663,3664,3665,3666,3667,3668,3669,342,3671,3672,3673,3674,3675,3676,3677,3678
106_0_18_21	2,135,8,1303,2701,16,2711,33,683,48,66,581,2050,3679,3680,3681,3682,3683,3684,3685,3686,3687,3688,3689,3690,3691,3692,3693,3694,3695,3696,243,1200
106_0_22_23	2,2951,8,2953,10,2963,2964,2965,2966,2970,2971,33,3692,298,48,180,181,956,73,89,93,1516,3697,3698,3699,3700,3701,3702,3703,3704,917
106_0_27_30	3712,3713,3714,3715,3716,3717,3718,3719,8,3721,26,33,113,1197,1199,3720,185,1466,581,3400,73,3410,3411,89,1905,3705,3706,3707,3708,3709,3710,3711
106_0_31_32	3718,135,8,3722,3723,3724,3725,3726,3727,3728,3729,3730,3731,3732,3733,3734,3735,3736,3737,26,33,683,439,10,66,342,604,2932
66_0_0_1	1793,2,3,6,433,8,9,10,987,432,17,18,2901,2902,2903,2904,2905,2906,2907,989,16
66_0_11_13	8,16,25,3738,3739,3740,3741,3742,3743,3744,289,3746,3747,3748,3749,3750,3751,3752,3753,46,47,52,185,58,33,587,3745,864,1905,1906,1907,1019,1020
66_0_19_20	2182,8,2186,398,16,33,3754,3755,3756,3757,3758,3759,3760,3761,3762,3763,3764,3765,3766,1724,10,453,209,225,230
10_0_0_1	992,993,994,422,3770,8,9,1482,15,16,17,985,3767,3768,3769,986,3771,10,990,991
10_0_2_3	8,266,908,16,33,39,938,3768,3771,3772,10,3774,3775,1109,995,996,999,1003,1004,1005,1006,3773
10_0_14_16	2176,2177,2178,1283,8,267,3778,284,3615,33,163,292,48,304,305,58,3776,3777,66,3779,3780,74,89,1383,2158,2159,2166,2170,2171,2172,2173,2174,2175
10_0_18_22	3460,8,1241,33,683,684,3785,74,2752,2753,66,3781,3782,3783,3784,73,3786,3787,3788,3789,3790,79,3792,3793,1234,3795,1236,3797,89,3791,1244,1245,3423,3424,3560,3794,113,1235,3796,1223
10_0_23_25	1665,135,8,16,23,33,3235,3236,3237,1372,392,185,58,977,3798,3799,3800,3801,3802,3803,3804,3805,3806,3807,3808,3809,3810,3811,3812,3813,3684
10_0_26_27	2951,8,2953,10,2963,2964,2965,2966,2970,2971,33,298,180,181,956,3662,977,1516,89,93,3809,3814,3815,3816,3817,3818,3819,3820,3821,3822,917
166_0_0_2	33,2,1092,3830,8,1097,1098,3826,3823,16,3825,818,3827,3828,3829,918,148,58,188,3824,149
166_0_3_4	2,8,10,16,33,327,1098,1106,1107,340,342,1111,1113,1114,1115,1116,1117,1118,883,3831,3832,3833,3834,3835,3836
128_0_7_10	2,3075,3076,3077,3078,3079,8,23,398,407,797,1696,33,1187,1189,1448,426,1451,1197,1198,1199,1200,1201,1202,185,195,581,74,203,1742,89,304,3069,3070
128_0_15_16	3840,3841,3842,3843,3844,8,10,16,152,33,39,819,2388,2389,2397,2398,2399,3088,230,623,883,1148,3837,3838,3839
31_0_0_2	2,3,3845,3846,3847,3848,3849,3850,3851,3852,3853,16,148,6,8,9,58,1352,1353,587,589,590
31_0_12_14	705,392,908,3854,3855,912,3857,3858,3859,3860,3861,3862,3863,3864,3865,3866,3867,33,46,47,8,52,185,58,64,65,2007,3856,1506,16,25
31_0_18_19	8,10,395,396,399,3868,3869,3870,33,2214,48,60,66,454,455,459,464,465,467,468,469,470,471,472,473,113
31_0_20_21	260,261,8,10,3869,3870,3871,3872,33,2214,440,3873,73,89,474,475,476,93,479,480,483,484,485,486,487,113
31_0_35_36	8,10,16,33,3874,3875,3876,498,48,374,77,488,489,492,493,496,497,1010,499,500,501,502,503,504,505,506,507
31_0_37_38	512,33,514,515,516,517,518,513,8,73,10,492,77,499,496,67,66,508,509,510,511
51_0_2_3	939,8,10,3885,16,152,3888,33,3877,3878,3879,3880,3881,3882,3883,3884,813,3886,3887,816,927,705,933,938
51_0_25_26	2,8,10,16,148,149,33,2214,48,3889,3890,3891,3892,2357,3894,3895,2365,2366,3893,2368,2369,2370,2358,972,2263,2367
51_0_30_31	2,8,1004,10,1676,16,33,2214,3896,3897,3898,3899,3900,3901,3902,327,73,1132,1133,883,1143,1144,1145,1146,1147,1148
51_0_46_47	135,8,10,16,33,944,945,819,951,952,953,954,955,956,957,3390,3903,3904,3905,77,209,850,2515
146_0_0_2	2,3,3845,3846,3847,3848,3849,3850,3851,3852,3853,16,148,6,8,9,58,587,589,590,1752,1754
146_0_9_10	264,265,266,268,269,16,152,3613,3614,33,3624,3625,3626,3627,3628,3629,3630,8,10,3906,3907,3908,3909,3910,3911,342,606,40
88_0_0_1	2,3,6,8,9,3850,16,17,2717,422,10,2241,2242,3912,3913,3914,3915,3916,3917,3918,3919,3920,3921
88_0_8_9	264,265,266,268,269,16,2583,33,39,1199,48,8,10,2120,593,3922,3923,3924,3925,3926,3927,3928,3929,3930,3931,3932,209,2553
88_0_10_11	8,266,33,10,705,66,1528,73,593,3924,3927,3933,3934,3935,3936,3937,3938,1520,1521,501,1527,248,1529,1530,1531,1532,1533
107_0_0_1	2688,2,3947,2694,8,10,16,17,18,33,1586,836,839,1101,3939,3940,3941,3942,3943,3944,3945,3946,747,3948,3949,3950,3951
107_0_2_4	3720,2711,2701,16,2705,1303,33,683,48,8,58,66,327,3680,3688,3695,3952,3953,3954,3955,3956,3957,3958,3959,3960,3961,3962
107_0_5_6	3968,3969,8,10,256,33,3955,839,73,1271,593,89,93,1257,1258,3697,1266,1267,1268,1269,1270,3959,1272,1273,3963,3964,3965,3966,3967
167_0_0_2	3970,3971,3972,3973,3974,3975,3976,3977,3978,3979,2,16,148,1045,1046,33,8,58,587,589,590,2656,2418
167_0_3_4	2,517,3976,10,3980,3981,3982,3983,2064,3985,3986,33,327,8,1607,1118,3984,16,2672,2673,883,2682,2683,2684
67_0_10_11	135,8,10,16,3987,3988,3989,3990,3991,3992,3993,3994,3995,3996,3997,33,3754,3755,3764,3765,3766,1724,453,209,225
67_0_25_26	135,8,10,16,538,3998,3999,4000,4001,4002,4003,4004,4005,4006,4007,4008,4009,4010,33,77,209,1373,2175
11_0_0_1	4016,422,1926,4017,8,9,1482,4011,4012,4013,4014,4015,16,17,4018,4019,4020,4021,10
11_0_16_17	4032,8,10,3726,16,3731,23,3736,33,4022,439,4024,4025,4026,4027,4028,4029,4030,4031,64,4033,4034,4035,4036,4037,4038,4023
129_0_0_1	2,3,2309,6,4039,4040,4041,10,1927,4044,4045,4043,16,17,18,8,9,282,4042,2312
129_0_18_19	2,8,10,16,3987,2583,2586,667,33,2587,936,298,3263,4046,4047,4048,4049,4050,4051,4052,4053,4054,4055,4056,4057,4058,4059,243
129_0_20_21	2,8,10,2587,2588,33,3549,705,66,327,4049,4052,4060,4061,4062,4063,1520,1521,501,1527,1528,1529,1530,1531,1532,1533
129_0_22_23	2,342,8,10,3215,16,2588,2589,2590,33,327,3279,3280,209,210,3286,3287,3288,1113,1114,1115,1117,4063,4064,4065,4066,4067
129_0_24_25	2,8,9,10,16,3475,416,48,327,2383,2386,1118,4065,4067,4068,4069,4070,4071,4072,4073,4074,883
129_0_26_27	8,10,16,3475,750,33,39,48,327,2388,2389,2394,2397,2398,2399,1122,4072,4075,4076,4077,4078,623,883,1148
129_0_28_29	8,1132,10,16,750,3479,3480,33,2338,327,73,2394,1004,1133,4078,4079,4080,4081,4082,883,1143,1144,1145,1146,1147,1148
129_0_38_39	135,8,10,1933,1934,16,1942,1943,1944,1945,1946,1947,33,73,77,209,210,469,4083,4084,4085,4086,4087
32_0_0_1	33,507,502,488,489,10,4088,16,8,4089,500,501,374,503,504,505,506,4091,4092,3290,4090
32_0_24_25	4096,4097,4098,4099,8,10,23,33,48,4025,4027,60,66,454,455,464,467,468,469,470,471,472,473,4093,4094,4095
32_0_29_30	230,4100,4101,4102,4103,4104,4105,4106,4107,4108,260,261,33,8,10,77,89,474,475,93,483,484,485,486,487,4093
52_0_0_1	2,3,6,8,9,10,16,17,18,1926,3141,3142,3143,3144,3145,3146,3147,3148,3149,3150,3151,3152,3153,3154,987,989
52_0_8_10	128,129,130,264,265,266,268,4109,398,4111,4112,33,2850,2857,8,58,66,195,269,3155,4110,89,106,108,121,122,123,124,125,126,127
52_0_18_19	8,10,398,16,4113,146,4115,4116,4117,4118,1432,1438,1439,33,4114,866,867,230,877,878,879,880,881,882,883,884,757
52_0_33_34	135,8,10,396,1166,16,660,4119,4120,4121,4122,4123,4124,4125,4126,4127,2336,33,2340,77,209,210,340,342
108_0_0_2	2,3,3845,3846,3847,3848,3849,3850,3851,3852,3853,16,148,6,8,2613,2615,58,587,589,590,9
108_0_9_10	264,265,266,267,268,269,16,750,4128,4129,4130,4131,8,10,33,1004,1132,1133,4078,883,1143,1144,1145,1146,1147,1148
108_0_16_17	8,10,398,16,152,3613,3614,33,4132,4133,4134,4135,4136,4137,3626,3627,3628,3629,3630,3909,3624,342,216,606,230,40,3625,4138
108_0_38_39	2,899,8,4140,1290,3629,16,4139,4142,3613,3614,33,3624,3625,3626,3627,3628,4141,3630,4143,4144,4136,10,342,606,230,40,894
89_0_0_1	2,3,6,8,9,10,16,17,18,1926,2241,2242,3141,3142,3143,3144,3145,3146,3147,3148,3149,3150,3151,3152,3153,3154
89_0_10_13	8,266,4162,783,16,23,33,4145,4146,4147,4148,4149,4150,4151,4152,4153,4154,4155,4156,4157,4158,4159,4160,4161,66,4163,4164,581,3400,2893,3411,472,89,1466,1388,1390
89_0_31_33	128,129,130,8,152,4165,33,2850,2857,327,58,66,1349,4166,4167,4168,4169,4170,4171,4172,89,106,108,3058,121,122,123,124,125,126,127
89_0_37_39	897,2950,8,16,25,33,165,2090,185,58,187,188,189,4175,77,4174,4173,4176,4177,4178,4179,4180,4181,4182,4183,4184,4185,4186,4187,186
168_0_0_1	4192,993,2,3,6,1056,4193,9,10,2946,16,8,243,244,1752,1754,4188,4189,4190,4191
168_0_14_15	8,10,23,16,3217,1047,152,33,40,953,2759,74,2773,342,603,604,4194,4195,4196,4197,4198,4199,4200,4201,4202,4203,4204
168_0_21_22	8,10,4205,1813,33,1318,313,74,89,2157,4206,4207,4208,4209,4210,4211,4212,4213,4214,4215,4216,4217,4218,4219,4220,4221,4222,127
147_0_0_2	2,3,772,773,6,775,776,9,778,779,780,781,782,783,16,771,8,58,587,1752,1754,784
147_0_29_31	4224,4225,4226,4227,4228,4229,4230,4231,4232,4233,4234,1291,4236,4237,4238,4239,4240,4241,1299,1300,289,2214,8,185,58,4235,33,587,853,864,16,1905,4223
147_0_33_34	8,10,4247,785,4242,4243,4244,4245,4246,791,4248,793,794,4251,796,797,798,33,795,185,26,786,792,2161,4250,4249
12_0_0_1	2,3,4,6,7,8,9,10,16,17,18,1926,3141,3142,3143,3144,3145,3146,3147,3148,3149,3150,3151,3152,3153,3154
12_0_24_26	128,129,130,8,152,4252,4253,4254,4255,4256,33,2850,2857,58,66,1349,327,4170,89,610,611,614,106,108,121,122,123,124,125,126,127
130_0_0_1	4257,2,3,422,2309,6,1489,1480,1481,10,8,1488,17,1490,1491,1492,1493,1494,9,2312,16
130_0_8_9	264,265,266,268,269,2446,655,16,152,33,4258,4259,4260,4261,4262,40,8,10,1507,1508,1515,1516,1517,1518,1519
68_0_6_8	135,8,2093,2243,1696,33,4263,4264,4265,4266,4267,4268,4269,2096,2103,313,58,62,66,67,2245,74,2255,2256,2257,2260,2261,89,2541,1647
68_0_10_11	897,2,8,10,16,23,33,1828,40,4270,4271,4272,4273,4274,4275,4276,4277,4278,4279,4280,4281,4282,4283,4284,4285,2751,343,1250
68_0_12_13	897,8,10,16,4291,23,921,33,167,327,4277,4280,188,4286,4287,4288,4289,4290,323,4292,4293,4294,4295,4296,4297
68_0_20_22	135,8,2243,1696,48,2093,2096,2103,58,74,62,66,67,2245,33,4298,4299,4300,4301,4302,2255,2256,593,2260,2261,89,4303,2257,2541,1647
68_0_23_24	641,8,10,4312,89,33,4272,821,73,4303,4304,4305,4306,4307,4308,4309,4310,4311,2520,4313,4314,93,593,1272,1273
184_0_0_2	2,3,6,8,9,782,783,16,58,587,1494,4315,4316,4317,4318,4319,4320,4321,4322,871,885,784
184_0_20_22	135,264,1041,1428,1429,1430,23,25,1435,1436,1440,33,1442,1443,1444,1445,8,185,58,706,1441,89,4323,4324,4325,4326,4327,4328,127
184_0_26_27	1285,8,266,398,33,1446,1447,3119,1456,1457,1458,1459,1460,1461,1462,1463,1464,1465,1466,1467,10,89,4329,4330,4331,4332,4333,4334,4335,4336,4337
184_0_44_45	1920,8,266,1933,1934,16,1942,1943,1944,1945,1946,1947,33,10,209,210,469,4338,4339,4340,4341,4342,4343,4344,4345,4346,4347
184_0_50_51	4352,4353,4354,4355,4356,4357,8,10,655,16,33,40,553,1482,1507,1508,1515,1516,1517,1518,1519,4348,4349,4350,4351
184_0_77_78	1665,1666,4358,4359,4360,4361,4362,4363,4364,4365,4366,4367,4368,4369,4370,4371,4372,4373,4374,33,135,8,10,16,1041
184_0_108_109	2,8,10,2971,4375,4376,4377,4378,4379,4380,4381,4382,4383,4384,4385,4386,4387,4388,4389,4390,4391,4392,4393,33,89,93,2970
184_0_110_111	1479,8,10,16,3476,1303,4379,4381,4384,33,4387,4394,4395,4396,4397,4398,4399,4400,4401,4402,4403,4281,4285,327,1482
184_0_113_114	2,3332,3333,3334,8,266,16,919,2820,3356,33,4404,4405,4406,4407,4408,4409,4410,4411,4412,10,2239,342,3322,3323
184_0_125_126	342,8,266,3215,16,33,10,4414,4415,4416,4417,4418,4419,4420,4421,4422,4423,3279,3280,209,210,3286,3287,3288,1113,1114,1115,1117,4413
184_0_133_134	2,3332,3333,3334,8,266,398,16,919,2820,33,3767,4409,4410,10,2239,4424,4425,4426,4427,4428,4429,342,3322,3323
184_0_135_136	8,3337,266,398,16,33,39,938,4409,10,327,4429,4430,4431,4432,4433,4434,4435,995,996,1003,1004,1005,1006
184_0_142_144	1665,8,266,16,532,33,1321,58,66,1483,4436,4437,4438,4439,4440,4441,4442,4443,4444,4445,4446,4447,4448,4449,4450,4451,4452,4453,4454,4455,4456,242
184_0_151_152	8,266,16,33,39,1199,10,2120,4465,209,3922,3923,3924,3928,3929,3930,3931,3932,4457,4458,4459,4460,4461,4462,4463,4464,113,2553
184_0_170_172	129,8,266,89,33,1443,58,66,1441,1483,4441,4442,4448,4449,127,2173,4466,4467,4468,4469,4470,4471,4472,4473,4474,4475,4476,4477,4478,4479
184_0_146_147	4480,4481,4482,4483,4484,4485,4486,4487,4488,4489,4490,4491,4492,4493,4494,4495,4496,4497,4498,4499,919,33,8,10,605,16
184_0_183_184	8,10,398,16,4500,4501,4502,4503,4504,4505,4506,4507,4508,4509,4510,33,39,1199,2120,209,3922,3923,3928,3929,3930,3931,3932,2553
184_0_191_192	8,266,16,3345,2196,4511,4512,4513,4514,4515,4516,4517,4518,4519,4520,4521,4522,4523,3119,818,188,10,3648,839,603,33
184_0_197_198	8,266,1933,1934,16,1942,1943,1944,1945,1946,1947,33,4524,4525,4526,4527,4528,4529,4530,4531,4532,10,4416,209,210,469,4344
184_0_248_249	4544,8,266,16,33,565,4534,4535,4536,4537,4538,4539,60,10,4542,4543,64,4545,4546,4547,4548,4549,4533,1101,4540,566,4541,2800
184_0_255_256	2,8,266,16,33,39,1199,2120,4406,10,4550,4551,4552,4553,4554,4555,4556,4557,209,3922,3923,3924,3928,3929,3930,3931,3932,2553
184_0_273_274	4560,10,8,9,266,4567,4558,4559,16,4561,4562,4563,4564,398,4566,4457,4568,2639,938,4565
184_0_276_277	2304,230,8,10,289,3931,39,3932,185,4571,33,4569,4570,603,4572,4573,4574,4575,4576,4577,4578,4579,4580,4581,4582,4583,4584,4585,2933,2553,125
184_0_284_285	1665,1666,4358,4359,8,10,398,16,4370,4371,4372,4373,4374,33,266,4586,4587,4588,4589,4590,4591,4592,4593,4594,4595
184_0_174_175	4480,4481,4483,4484,4486,8,4489,4490,4494,4495,4496,4497,4498,4499,919,33,10,605,16,4596,4597,4598,4599,4600,4601,4602
109_0_0_2	4608,4609,4610,4611,4612,8,267,16,1303,3737,33,683,58,1086,66,195,1899,3695,4603,4604,4605,4606,4607
109_0_11_12	2176,2,4613,4614,4615,4616,4617,4618,4619,4620,4621,4622,4623,4624,4625,4626,4627,33,390,8,10,1038,89,735,1504,4218
109_0_13_15	2,1285,8,1303,4621,16,4628,4629,4630,4631,4632,4633,4634,4635,4636,4637,4638,4639,4640,33,4642,58,327,735,2156,243,244,4641
109_0_16_17	2,8,10,16,4638,33,4643,4644,4645,4646,4647,4648,4649,4650,4651,4652,4653,4654,4655,327,3931,3932,1118,2414,2415,883,372
109_0_18_19	2,8,10,16,1299,33,1829,4650,4652,4656,4657,4658,4659,4660,4661,4662,4663,4664,4665,4666,327,1118,224,883
109_0_20_23	2,8,16,1303,1304,4677,33,327,4662,567,4667,4668,4669,4670,4671,4672,4673,4674,4675,4676,581,4678,4679,4680,4681,1234,1235,1749,243,244,2879
109_0_24_25	2,8,10,16,33,327,1587,4679,4682,4683,4684,4685,4686,4687,4688,4689,4690,4691,4692,4693,4694,4695,1118,883
109_0_26_28	2,8,16,1303,33,4642,1959,58,327,4690,4696,4697,4698,4699,4700,4701,4702,4703,4704,4705,4706,4707,4708,39,243,244
109_0_29_30	2,8,10,16,1299,33,1829,48,4666,816,327,1118,4706,4709,4710,4711,4712,4713,4714,4715,4716,4717,4718,4719,4720,4721,883
109_0_31_32	4736,4737,4738,8,10,16,33,680,48,4723,327,4732,4716,4718,4722,883,4724,4725,4726,4727,4728,4729,4730,4731,1148,4733,4734,4735
33_0_0_1	1728,1729,2,3,1732,6,8,9,10,1730,16,17,18,1731,410,412,1725,1726,1727
33_0_8_9	4739,4740,4741,4742,264,265,266,268,269,1039,1040,1045,1046,1047,152,33,40,8,313,10,1218,339,340,342,221,224,16
33_0_10_13	2,4740,1029,4743,4744,4745,266,267,783,16,670,581,33,674,553,683,684,8,4746,66,4747,1221,1222,1223,1229,1230,1234,1235,1236,1237,1238,1239,1240,1241,1242,1243,1244,1245
33_0_28_29	2,8,10,4748,4749,4750,4751,4752,146,148,149,23,33,554,560,4273,4276,2118,2400,2401,16,2408,2411,2412,2413,2414,2415,2416,2417,2418
53_0_0_1	2,3,6,4753,8,9,10,4754,16,17,18,4755,4756,4757,4758,4759,4760,987,989
53_0_10_12	897,8,266,16,2322,2324,4761,25,4762,4763,4764,4765,4766,4767,4768,4769,4770,4771,4772,4773,4774,2090,47,392,185,58,64,65,33,1250,2777,1506,1020
53_0_34_35	8,10,16,152,111,33,4775,4776,4777,4778,4779,4780,4781,2442,2388,2389,2397,2398,2399,3088,230,39,623,883,1148
90_0_0_2	2,3,3845,3846,3847,3848,3849,3850,3851,3852,3853,16,148,799,800,6,8,9,58,587,589,590
90_0_9_10	264,265,10,268,269,16,4782,152,3613,3614,33,3624,3625,3626,3627,3628,3629,3630,4783,4784,4785,266,3908,3909,342,606,40,8
13_0_4_5	897,2,135,8,10,1166,16,4119,4120,4121,4123,4124,4125,4126,4127,33,4786,4787,4788,4789,4790,4791,4792,209,210,340,342,230
13_0_8_10	128,129,130,8,2336,33,2850,2857,2858,4793,4794,4795,4796,4797,4798,4799,4800,66,327,2122,89,58,106,108,121,122,123,124,125,126,127
13_0_36_40	128,3460,4801,8,3721,4802,33,2850,3399,816,185,1466,74,2752,2753,66,4803,4804,4805,4806,4807,4808,4809,4810,4811,4812,4813,4814,4815,4816,4817,4818,4819,4820,4821,89,1388,3410,1390,1905,1147,127
169_0_0_1	2,3,6,8,9,10,1752,4826,16,17,18,4822,4823,4824,4825,1754,4827,4828,4829
169_0_8_9	264,265,266,268,269,2446,655,16,152,33,4260,40,8,10,4830,4831,4832,4833,1507,1508,1515,1516,1517,1518,1519
169_0_12_14	4843,8,398,16,33,1959,553,1963,1964,58,1255,64,66,67,4834,4835,4836,4837,4838,4839,4840,4841,4842,39,4844,4845,4846,4847,4848,4849,4850
169_0_17_19	128,129,130,4863,8,152,33,2850,936,58,66,4854,1442,504,89,4858,230,4851,4852,4853,3318,4855,4856,4857,506,4859,4860,4861,4862,127
69_0_4_5	8,10,33,685,686,687,688,689,690,691,692,693,694,695,696,697,698,699,700,701,702,703,704,705,706,707,185
69_0_24_25	8,10,16,405,152,33,167,708,709,710,711,712,713,714,715,716,717,718,719,720,721,722,340,342,374
69_0_28_29	214,8,10,397,398,16,33,553,723,724,725,726,727,728,729,730,355,356,368,369,370,371,372,373,374,375
69_0_39_41	8,33,91,304,58,74,77,89,90,731,732,733,734,735,736,737,738,739,740,741,742,743,744,745,746,747,748,749
131_0_1_2	4864,4865,4866,1507,1508,33,8,266,167,1516,1517,2446,655,16,40,195,1518,4867,1519,10,1515
131_0_5_7	4868,4869,4870,4871,4872,1428,1429,1430,2455,1941,1436,1440,33,1442,1443,1444,1445,8,819,440,185,58,706,1441,593,214,89,750,127
131_0_20_22	897,8,4873,4874,4875,4876,4877,4878,4879,4880,4881,4882,4883,4884,4885,4886,4887,4888,921,33,1443,58,188,327,2650,16,243,244
131_0_32_34	8,4889,4890,4891,4892,4893,4894,4895,4896,4897,4898,4899,4900,4901,4902,4903,46,58,2879,66,67,33,77,89,93,94,95,1271,3198
110_0_0_1	2,3,6,8,9,10,2615,274,16,17,18,275,276,2613,278,279,280,281,282,277
110_0_14_15	256,2,8,10,16,148,149,23,33,4904,4905,4906,4907,4908,4909,4910,4911,4912,4913,4914,4915,4916,3651,74,1005,1270,1271
110_0_17_19	897,1285,8,16,25,921,33,167,2090,2091,4917,4918,1335,4920,4921,58,4923,4924,4925,4926,4927,4928,4929,4930,327,4919,87,89,93,188,4922
110_0_34_36	256,2,135,8,16,4931,148,149,33,1444,4904,4905,4912,4915,4916,58,3651,4932,4933,4934,4935,4936,4937,4938,4939,4940,4816,89,1005,1270,1271,2939,127
91_0_0_1	800,416,2,3,422,6,1864,1865,1866,1867,1868,1869,1870,1871,16,17,8,9,10,799
91_0_8_9	264,265,266,268,269,16,146,25,33,8,10,460,4941,4942,4943,4944,4945,866,867,877,878,879,880,881,882,883,884
91_0_15_16	342,8,10,16,4952,4953,4954,33,1883,40,1884,1872,1873,4946,4947,4948,4949,4950,4951,1880,1881,1882,4955,4956,606,230
34_0_0_2	2,1288,16,1303,1304,33,2595,605,8,567,440,58,1733,1734,1740,1741,1744,1745,1746,1747,1748,1749,1624,4957
34_0_13_14	135,8,10,1039,1040,1045,1046,1047,152,33,40,312,4960,1218,74,339,340,342,221,4958,4959,224,4961,4962,4963,4964,16
34_0_16_17	390,4743,8,4745,10,1035,1036,1037,1038,89,33,553,1031,1032,692,1033,1034,328,342,2777,4965,4966,4967,4968,4969,2422,1022,1023
34_0_37_39	518,8,4930,654,33,58,4929,66,67,2119,73,77,89,93,4970,4971,4972,4973,4974,4975,4976,4977,4978,4979,4980,4981,4982
185_0_0_2	128,129,130,8,152,33,2850,2857,58,66,1349,4985,89,4986,106,108,4983,4984,121,122,123,124,125,126,127
185_0_3_5	4992,4993,2,4995,4996,4997,4998,4999,8,4994,16,148,149,33,805,39,553,811,2861,2862,5000,567,58,2800,1270,4987,4988,4989,4990,4991
185_0_28_29	8,5001,5002,5003,5004,5005,5006,5007,16,147,152,3354,3355,33,3362,1336,3897,10,327,73,339,5008,123,374,507,124,126
185_0_30_32	8,5005,16,5009,5010,5011,5012,5013,5014,5015,5016,5017,5018,5019,5020,5021,5022,5023,5024,33,1443,3366,553,298,5000,567,440,58,66,5025,73,1532
54_0_0_2	2,3,3845,3846,3847,3848,3849,3850,3851,3852,3853,16,148,6,8,9,58,587,589,590,987,989
54_0_12_14	897,705,8,908,3854,911,912,3857,3859,3860,3861,25,3864,3865,3866,3867,33,5026,46,47,392,52,185,58,64,65,2007,3855,3856,1506,16
54_0_19_20	513,514,515,516,517,518,8,10,396,400,33,5027,5028,5029,5030,5031,5032,5033,48,66,67,593,214,508,509
54_0_21_22	8,10,16,33,5027,5030,5033,5034,5035,5036,5037,5038,2863,2866,374,73,593,488,489,500,501,502,503,504,505,506,507
54_0_24_25	8,10,16,152,3613,3614,289,3624,3625,3626,3627,3628,3629,3630,5039,5040,5041,5042,5043,5044,5045,3909,33,457,342,606,40,510
54_0_30_32	256,1283,8,66,783,16,33,683,5046,5047,5048,5049,5050,5051,5052,5053,5054,5055,5056,5057,5058,5059,74,77,58,1378,2161,372,2165,1270
14_0_0_1	416,2,3,4,422,6,7,1864,1865,1866,1867,1868,1869,1870,1871,16,8,17,9,10
14_0_10_11	8,266,16,23,152,33,40,10,5060,5061,5062,5063,5064,5065,5066,1355,1872,1873,1877,342,1880,1881,1882,1883,1884,606
170_0_3_4	8,10,655,16,33,40,48,327,5067,5068,5069,5070,5071,5072,5073,5074,5075,1507,1508,2385,1515,1516,1517,1518,1519
170_0_5_7	128,129,130,2390,4863,8,89,33,2850,936,58,66,327,73,1442,593,5076,5077,5078,5079,5080,5081,2385,4851,4852,504,506,4859,764,127
170_0_13_14	8,10,16,1560,33,39,5085,5086,5087,3664,593,2388,2389,5082,5083,5084,2397,2398,2399,5088,4838,1894,623,883,1148
170_0_18_19	259,8,10,16,152,289,938,939,33,612,5089,5090,5091,5092,5093,5094,5095,5096,5097,2026,5099,5100,3962,5098
132_0_12_13	8,10,267,16,2350,33,1070,2227,821,2371,2372,458,2379,2380,2381,2517,342,230,5101,5102,5103,5104,5105,5106,883,766
132_0_26_27	134,135,8,10,139,1037,16,538,33,77,209,2263,3038,5107,5108,5109,5110,5111,5112,5113,5114,5115
111_0_0_2	2,8,1545,16,148,918,33,58,1092,1097,1098,587,1114,864,865,1891,5116,2554,1019,1020,5117,5118,5119
111_0_3_4	5120,5121,2,5123,5124,5125,8,10,5122,16,410,33,327,1098,1106,1107,340,342,1111,1113,1114,1115,1116,1117,1118,2674,883
70_0_0_1	2,3,6,774,8,777,10,1794,16,17,18,3091,3092,3093,3094,3095,3096,3097,9,3098
70_0_8_9	5126,5127,264,265,266,268,269,16,152,3099,3100,33,3107,3110,3111,3112,3113,3114,939,5128,5129,10,5061,8,1147,938
70_0_15_18	8,5130,5131,5132,2701,5134,5135,5136,2711,797,33,1187,1189,683,1197,1198,1199,1200,1202,185,66,3403,581,327,3401,74,203,5133,472,3420,3425,1388,1390,1279
70_0_19_20	1408,2,195,5137,8,9,10,1742,5136,1416,5138,5139,5140,1390,5142,5143,5144,5141
70_0_36_38	256,129,8,47,16,2322,2324,152,5145,5146,5147,5148,5149,5150,5151,5152,5153,5154,5155,5156,5157,5158,5159,5160,5161,5162,5163,1199,58,64,65,66,33,2398,623
35_0_0_1	2,3,6,8,9,10,3597,3598,3599,3600,3601,18,3603,3604,3605,3606,3607,410,412,16,17,3602
35_0_19_20	897,2,8,10,908,911,16,4114,33,37,39,5164,5165,5166,5167,820,824,458,227,228,240,241,242,243,244
35_0_30_31	8,10,16,819,33,37,113,48,5169,5170,5171,5172,5168,227,228,232,39,492,237,238,240,241,242,243,244
35_0_32_33	256,257,258,259,260,261,8,10,3872,33,5171,5172,5173,5174,440,73,89,93,492,113,245,246,247,250,251,254,255
92_0_0_1	800,799,2,3,6,3921,8,9,10,16,17,18,5175,5176,5177,5178,5179,5180,5181,5182,5183
92_0_8_9	1795,1796,264,265,266,267,268,269,1806,1807,16,25,33,8,567,10,5184,5185,5186,5187,712,1805,1003,1005
92_0_28_30	2,8,783,16,23,33,4388,4392,683,684,48,58,74,66,5188,5189,5190,5191,5192,5193,5194,5195,5196,5197,5198,5199,5200,5201,342,1369,1883
92_0_31_32	8,10,267,16,33,48,62,705,327,5199,5202,5203,5204,5205,5206,5207,5208,5209,5210,5211,5212,1383,1260,1265,883,1530,1148
92_0_34_37	1283,1284,1285,8,398,284,33,292,679,304,305,306,307,185,581,73,74,79,89,90,5213,5214,5215,5216,5217,5218,5219,1384,1385,1386,1392,1393,1397,1398,1399,1400,1401,1402,1403
92_0_45_46	230,8,10,267,16,33,48,5223,2120,209,2007,5220,5221,5222,1383,5224,5225,5226,5227,5228,5229,5230,5231,5232,126
171_0_5_6	8,10,398,655,16,152,33,4260,40,755,1507,1508,230,1515,1516,1517,1518,1519,5233,5234,5235,5236,5237,5238,5239
171_0_7_8	2304,5248,5250,5251,5249,8,10,398,3343,2452,33,1960,553,185,248,2390,230,4583,5237,5239,5240,5241,5242,5243,5244,5245,5246,5247
55_0_11_12	2,4100,5253,5254,5255,5256,5257,10,5252,286,33,5028,8,60,66,454,455,467,468,469,470,471,472,473,735
55_0_13_14	2,5254,8,5257,10,5259,5260,16,33,554,560,5258,502,327,2777,476,735,488,489,500,501,374,503,504,505,506,507
55_0_26_28	256,1283,8,5261,5262,5263,5264,5265,5266,33,683,5046,5047,5048,58,5051,5053,5054,5055,5056,5057,66,5059,74,77,783,5058,16,230,3517,372,1270
133_0_0_1	2080,2081,2,3,6,8,9,10,1419,1421,16,17,2082,2083,18,2075,2076,2077,2078,2079
133_0_8_9	264,265,266,268,269,16,195,5268,5269,5270,5271,33,48,8,2104,2105,10,2114,2115,2116,2117,2118,2119,2120,209,5267
133_0_10_11	8,266,398,16,5268,5271,5272,5273,538,5275,5276,5274,5278,5279,5280,33,5282,5283,5277,10,2240,195,5281,73,209,340,342,1663
112_0_0_2	2,8,16,916,918,33,5284,5285,5286,5287,5288,5289,5290,5291,3116,58,3134,587,855,858,859,865,148
112_0_3_4	2,8,10,16,146,33,987,5292,5293,5294,5295,5296,5297,5298,327,859,866,867,874,877,878,879,880,881,882,883,884
186_0_0_1	256,3335,3336,10,3342,3343,3344,3345,3346,152,33,8,5299,5300,5301,5302,5303,374,16,1270,1271,507
186_0_2_4	8,1551,16,3347,1556,26,796,33,1959,1960,553,2227,567,5304,5305,58,5307,5308,5309,5310,5311,5312,5313,5314,5315,5316,5317,5306,195,243
186_0_13_16	4054,8,16,26,33,298,327,2351,2352,1076,5321,3897,64,581,5318,5319,5320,73,5322,5323,5324,5325,5326,5327,5328,5329,5330,5331,5332,5333,5334,185,4059,1905,5247
71_0_0_1	1728,1729,2,3,1732,774,6,8,777,10,1730,16,17,18,1731,9,1725,1726,1727
71_0_26_28	8,4162,783,16,5336,33,4145,4147,1204,1208,313,58,4158,4159,4160,4161,66,4163,4164,74,2893,77,5335,472,5337,5338,5339,5340,5341,735,737
71_0_29_30	8,10,16,23,2843,2844,2846,2847,33,40,325,326,332,77,336,337,338,339,340,341,342,343,5341
148_0_0_2	2,3,6,8,9,782,783,16,58,587,1494,1752,1754,4315,4316,4317,4318,4319,4320,4321,4322,784
148_0_20_22	135,264,1041,1428,1429,1430,23,25,1435,1436,1440,33,1442,1443,1444,1445,8,185,58,706,1441,89,5342,5343,4324,4325,4326,4327,127
148_0_33_34	230,8,10,655,16,33,40,1482,1507,612,5344,5345,5346,5347,1508,5349,5350,5351,1515,1516,1517,1518,1519,5237,5348
148_0_36_37	342,8,266,16,2334,2335,33,2345,2346,2347,2348,2349,2350,2351,2352,10,64,839,2390,5352,5353,5354,5355,5356,5357,5358,5359,5360,5361
148_0_64_65	2,8,10,16,152,4377,2334,2335,33,2345,2346,2347,2348,2349,2350,2351,2352,64,839,342,5362,5363,5364,5365,5366,5367,5368,5369,5370
148_0_98_99	5376,5377,5378,5379,5380,1285,135,8,10,33,1446,1447,1456,1457,1458,1459,1460,1461,1462,1463,1464,1465,1466,1467,1482,89,5371,5372,5373,5374,5375
148_0_101_103	5381,5382,5383,5384,5385,266,5387,5388,5389,1428,1429,1430,1436,1440,33,1442,1443,1444,1445,8,185,58,5386,1471,706,1441,89,4459,127
148_0_134_135	8,10,5390,5391,5392,5393,5394,5395,5396,5397,5398,5399,33,39,1199,821,2120,209,3922,3923,3928,3929,3930,3931,3932,16,230,2553
148_0_140_141	3332,3333,3334,8,266,16,919,5400,2820,5402,5403,5401,5405,5406,5407,5408,289,5404,4409,10,2239,33,342,3322,3323
148_0_152_153	8,266,16,2334,2335,5409,5410,5411,5412,5413,5414,5415,5416,5417,2346,2347,2348,2349,2350,2351,2352,10,64,33,342,5355,5358,839,2345
148_0_159_160	8,10,16,33,163,5418,5419,5420,5421,5422,5423,5424,5425,5426,970,1482,355,356,368,369,370,371,372,373,374,375
148_0_172_173	2,8,266,398,16,33,39,1199,5427,5428,5429,5430,3767,10,2120,4555,4428,4429,209,3922,3923,3924,3928,3929,3930,3931,3932,2553
148_0_174_175	8,266,398,16,33,39,938,5431,5432,5433,5434,10,327,4429,4433,3924,3933,995,996,1003,1004,1005,1006,113
148_0_187_188	8,10,655,16,152,33,4260,40,5435,5436,5437,5438,5439,5440,5441,5442,5443,1507,1508,1515,1516,1517,1518,1519,2161
148_0_194_195	640,939,3332,3334,8,266,16,152,33,938,5447,2350,1464,10,5444,5445,5446,327,5448,5449,5450,5451,5452,5453,5454,5455,5456,5457,342
148_0_203_204	640,3332,4485,3334,8,266,398,16,33,5382,938,939,2350,1464,10,5444,5445,5451,5455,5456,5457,5458,5459,5460,5461,342,5463,5464,5462
148_0_228_229	1665,1666,4358,135,8,10,4366,16,4370,4371,4372,4373,4374,33,4359,1482,5465,5466,5467,5468,5469,5470,5471,5472,5473
148_0_231_232	33,2,5475,5476,5477,5478,5479,5480,5481,266,5483,5484,5474,5486,5485,16,243,244,5482,10
148_0_233_234	8,10,1441,1443,327,4467,821,266,33,1483,89,5479,5482,5485,5487,5488,5489,5490,5491,5492,5493,2555,4478,127
172_0_15_16	135,8,10,16,4114,33,3758,48,957,5496,209,1246,1247,1249,1250,1251,1252,1253,1254,1255,1256,5494,5495,248,5497,5498,5499,5500
172_0_25_26	5504,5505,5506,5507,5508,5509,5510,8,10,256,4373,1696,33,48,5055,5056,1605,1606,1697,72,74,77,89,1631,492,1270,4218,4219,5501,5502,5503
172_0_27_28	5505,708,709,5511,5512,73,74,8,77,719,16,721,722,340,342,374,5513,5508,33,720,10
134_0_8_10	129,135,8,5514,5515,5516,5517,5518,5519,5520,5521,5522,5523,5524,5525,5526,5527,289,313,58,1034,66,1035,580,33,1164,1165,1235,89,127,755,1145,1147,4478,4479
134_0_11_12	3,8,10,16,5525,23,5528,5529,5530,5531,5532,5533,289,1715,1718,2104,2105,2114,2115,2116,2117,2118,2119,2120,209,33
134_0_18_19	3,135,8,10,16,5537,5272,5273,538,5532,5534,5535,5536,5281,5538,5539,2108,2240,5280,33,73,5282,209,5283,340,342,289,1663
134_0_33_35	129,135,8,5514,5515,1164,1165,5521,5522,5526,5527,33,5540,5541,5542,5543,58,1034,66,1035,580,327,5516,77,1235,89,127,1145,1147,4478,4479
93_0_5_6	1696,74,327,5544,5545,5546,5547,5548,398,8,10,9,1975,3510,3497,3079,89,3498,2247,1279
93_0_25_26	135,8,10,5554,16,152,538,3103,33,1962,5549,5550,5551,5552,5553,2226,2229,2230,312,2234,2236,2237,2238,2239,2240,209,4963
93_0_30_31	3588,8,10,23,1951,33,4770,683,684,5555,5556,5557,5558,5559,5560,5561,5562,5563,5564,5565,5566,5567,2240,66,328,440,821,471,2416
187_0_0_1	2,3,6,8,9,10,16,17,18,282,2620,2621,2622,5568,5569,5570,5571,5572,5573,5574,5575,1492,871,885
187_0_33_35	2,135,8,16,148,4374,3737,33,3370,683,688,58,1340,66,5576,5577,5578,5579,5580,5581,5582,77,5584,5585,5586,5587,5588,5589,3287,5583,865,484,4604,2046
187_0_36_37	259,8,10,2712,4127,33,66,327,77,1104,5586,1747,5590,5591,5592,5593,5594,5595,5596,5597,5598,5599,1532
72_0_0_1	2304,2,3,774,8,777,10,16,17,18,2329,33,6,38,1464,3391,3392,3393,3394,3395,3396,3397,3398,2416,2417,2418
72_0_15_17	128,129,130,8,152,33,2850,2857,58,66,1349,1874,1875,1878,1879,89,5600,5601,5602,5603,5604,230,106,108,121,122,123,124,125,126,127
72_0_25_28	4616,1388,1241,1441,5606,3399,8,1466,74,66,581,33,3400,3402,3404,3405,3406,3407,3408,3409,3410,3411,3159,3160,89,5605,3169,3170,3171,3172,3173,3174,5607,2156,1390,1532
113_0_0_2	2,8,16,148,149,33,2359,58,2363,2364,587,588,5608,5609,5610,5611,5612,5613,5614,5615,5616,5617,5618,5619,5620,5621,2800
113_0_3_4	2,774,8,10,16,2350,33,1070,2227,2364,2371,2372,327,2376,2379,2380,2381,342,883,5622,5623,5624,5625,5626,5627,5628
173_0_2_3	5632,5633,5634,5635,5636,5637,5638,5639,8,10,1165,1166,33,48,703,66,3662,472,473,1145,1147,5629,5630,5631
173_0_4_5	5633,5635,5638,5640,5641,5642,5643,5644,5645,4375,4376,2970,2971,33,4388,4389,4390,167,4392,4393,8,10,73,89,93,4391,5631
173_0_17_18	2,135,520,10,525,5646,5647,5648,5649,5650,5651,5652,533,534,535,536,537,538,33,519,48,8,972,209,16,529,530,531,532
173_0_24_25	8,10,23,398,16,152,5653,5654,5655,5656,5657,5658,5659,5660,33,1817,355,356,368,369,370,371,372,373,374,375
173_0_30_32	897,2,8,2050,16,5661,5662,5663,5664,5665,5666,5667,5668,5669,5670,5671,1200,58,1696,33,74,89,3679,3681,230,3693,3694,3696,243
173_0_33_34	897,8,10,16,921,33,5670,5672,5673,5674,5675,5676,5677,5678,5679,5680,5681,5682,188,327,77,3698
149_0_0_2	2,3,6,8,9,782,783,16,58,587,1494,1752,1754,4315,4316,4317,4318,4319,4320,4321,4322,784
149_0_9_10	640,3332,3334,264,265,266,268,269,16,152,33,938,939,2350,8,5683,5684,5685,5686,1464,10,5444,5445,5451,5452,5455,5456,5457,342
149_0_13_15	1665,8,16,532,33,553,5687,5688,5689,5690,5691,5692,5693,5694,5695,66,440,4436,4437,4438,3290,58,4446,4450,4451,4452,4453,4454,4455,4456,242,1321
149_0_20_21	8,10,655,16,152,33,163,4260,40,5683,5685,5696,5697,5698,5699,5700,5701,1626,1507,1508,1515,1516,1517,1518,1519
149_0_25_27	267,16,273,33,1443,298,5687,58,66,5702,5703,5704,5705,5706,5707,5708,5709,5710,5711,5712,5713,5714,5715,5716,5717,5718,5719,5720,5475,2026,5486,113,243,244
149_0_40_41	4480,4481,4484,4485,8,10,4491,4494,4495,4496,4497,4498,4499,1813,919,33,5725,4490,74,5721,5722,5723,5724,605,16,4211
94_0_0_1	2,3,6,8,9,10,16,17,408,409,411,413,414,799,800,417,418,419,420,421,422,415,416
94_0_9_12	2050,8,265,266,269,4127,1696,33,5734,1200,3252,1466,66,581,3400,3662,4816,849,3411,89,1117,5726,5727,5728,5729,5730,5731,5732,5733,3174,5735,5736,5737,5738,1388,1390,501,4217,1532
94_0_17_18	8,265,10,398,16,33,5745,5746,371,5748,5744,355,356,5739,5740,5741,5742,5743,368,369,370,5747,372,373,374,375
94_0_31_32	5760,5761,5762,8,10,16,23,33,64,4297,74,1372,1250,1251,5749,5750,5751,5752,5753,5754,5755,5756,5757,5758,5759
135_0_0_1	432,2,3,6,433,8,9,10,1419,428,429,430,1421,16,17,434,435,18,431
135_0_24_25	2,5763,5764,5765,5766,136,10,4879,16,3219,900,33,8,436,437,448,449,450,451,452,453,458,209,230,766
188_0_0_1	2,3,6,8,9,10,16,17,18,282,2620,2621,2622,5568,5569,5570,5571,5572,5573,5574,5575,1492,871,885
188_0_33_35	2,135,8,16,148,4374,3737,33,3370,683,688,58,1340,66,5576,5577,5578,5579,5580,5581,5582,77,5584,5585,5586,5587,5588,5589,3287,5583,865,484,4604,2046
188_0_36_37	259,8,10,2712,4127,33,66,327,77,1104,5586,1747,5590,5591,5592,5593,5594,5595,5596,5597,5598,5599,1532
114_0_0_2	2,5767,5768,5769,5770,5771,5772,5773,5774,5775,5776,5777,5778,5779,148,33,8,58,587,5069,471,864,865,99,16,1399
114_0_3_5	128,129,2,8,130,5780,5781,5782,5783,5784,5785,5786,33,2850,2857,2613,58,66,327,4170,3156,89,106,108,121,122,123,124,125,126,127
174_0_7_9	2,8,2028,782,783,16,1169,1170,1171,1178,5787,5788,5789,5790,1183,5792,5793,1186,1179,39,1182,313,58,5791,1184,1185,587,784,33,5740,505
174_0_13_15	2,3078,136,407,142,23,797,33,5794,1187,1188,1189,1192,1193,1197,1198,1199,1200,1201,1202,185,58,74,203,89,5795,5796,2085,304,8
73_0_0_1	0,1,2,3,5,774,8,777,10,11,12,13,14,15,16,17,18,9,6
73_0_12_14	8,1291,908,5775,912,1297,23,25,33,5797,5798,5799,5800,5801,5802,5803,5804,5805,5806,185,58,3652,3653,2649,2650,751,89,2935,3198,127
73_0_20_21	8,10,16,19,20,152,157,33,34,35,36,37,2214,39,40,41,5807,5808,5809,5810,5811,5812,5813,38,1259,2161
73_0_33_34	8,10,16,19,20,152,157,33,34,35,36,37,38,39,40,41,5814,5815,5816,5817,5818,5819,77,4947,4952,230
150_0_9_10	8,10,655,16,152,33,4260,40,819,5820,5821,5822,5823,5824,5825,5826,327,1507,1508,5478,1515,1516,1517,1518,1519
150_0_11_13	129,8,267,1441,33,1443,805,553,819,58,5824,66,5827,5828,5829,5830,5831,2390,89,5242,2173,4466,4467,4468,4474,127,4476,4477,4478,4479
150_0_25_26	640,3332,3334,8,10,16,33,938,939,2350,1464,5444,5445,5832,5833,5834,5835,5836,77,5837,5456,5457,342,5455,735
115_0_0_2	2,8,16,148,149,33,58,588,587,3020,5838,5839,5840,5841,5842,5843,4820,5845,5846,5847,5848,5849,5850,603,4720,2933,5844
115_0_3_4	2,2309,8,10,16,33,1118,327,5845,342,5851,5852,5853,5854,5855,5856,5857,5858,5859,5860,5861,5862,5863,5864,5865,883,2171
136_0_0_1	2,3,6,8,9,10,1419,1421,16,17,2713,2714,2715,2716,2717,2718,2719,2720,2721,2722,2723,422
136_0_11_12	897,8,10,23,668,925,670,33,677,678,679,5800,681,683,684,66,5866,5867,5868,5869,5870,5871,5872,680,3198
136_0_12_14	1664,4225,897,8,908,911,16,918,23,25,33,5800,58,188,702,4929,4930,921,2553,89,93,912,5869,1518,5872,5873,5874,5875,5876,5877,5878,5879,5880,5881,5882,4219,3198
136_0_18_19	5507,8,10,395,396,399,16,1809,33,48,593,214,727,1631,400,355,356,365,368,369,370,371,372,373,374,375
136_0_20_21	214,2822,8,5513,10,398,16,1809,33,2825,708,709,73,719,720,593,722,340,342,727,1638,721,374,5883,5884
189_0_0_1	2,3,6,8,9,10,16,17,408,409,411,413,414,415,416,417,418,419,420,421,422,871,885
189_0_8_9	5888,264,265,266,268,269,16,33,424,8,10,355,356,3816,750,368,369,370,371,372,373,374,375,5885,5886,5887
95_0_0_1	800,5889,5890,5891,5892,5893,6,2081,8,9,10,2,16,3601,18,3,4020,17,799,5894
95_0_18_19	129,5895,5896,5897,5898,5899,5900,5901,5902,5903,5904,5905,5906,5907,5908,5909,5910,5911,152,33,2214,5163,8,10,66,5912,4946,1085
74_0_6_7	2822,2951,8,2953,10,2963,2964,2965,2966,5913,5914,2971,5916,5917,33,5915,298,819,180,181,2825,1204,956,593,214,89,93,1516,2970,113,917
74_0_13_14	8,5897,10,267,16,19,20,26,5918,5919,5920,5921,5922,5923,5924,5925,38,39,40,41,33,34,35,36,37,230
175_0_0_1	2,3,6,8,9,10,16,17,18,1926,3141,3142,3143,3144,3145,3146,3147,3148,3149,3150,3151,3152,3153,3154,871,885
175_0_8_10	128,129,130,264,265,266,268,269,152,33,2850,5926,5927,5928,2857,8,58,66,1349,3155,89,106,108,3058,121,122,123,124,125,126,127
175_0_13_15	8,16,25,33,165,553,5930,5931,5932,5933,440,185,58,187,188,189,4173,4174,4175,4177,4179,4180,4181,4183,4184,4185,4186,4187,186,5929
116_0_0_2	2,8,16,148,33,3236,5934,5935,2224,5937,5938,5939,5940,5941,5942,5943,5944,58,587,5589,471,5936,864,865,1531
116_0_3_4	2,5953,8,10,16,33,5941,5945,5946,5947,5948,5949,5950,5951,5952,705,5954,5955,5956,5957,327,1752,1118,883,1530
190_0_0_1	5968,5962,2359,422,5958,5959,5960,5961,1482,5963,5964,4941,5966,5965,16,17,8,9,5967,10
190_0_2_3	342,8,266,267,16,2350,33,1070,2227,10,2371,2372,5962,2379,2380,4941,2381,5969,5970,5971,5972,5973,5974,883
190_0_40_41	2,135,8,10,267,16,2350,33,1070,1714,2227,2364,2371,2372,2379,2380,2381,342,5975,5976,5977,5978,5979,5980,3295,883
151_0_0_1	5984,5985,5986,5987,5988,5989,33,8,10,5981,16,209,242,5683,957,5982,5983
151_0_15_16	640,3332,3334,8,10,16,152,33,3241,938,939,2350,1464,5444,5445,5452,5455,5456,5457,342,5990,5991,5992,5993,5994,5995,5996,5997,5998
151_0_17_19	2,8,1004,3979,16,1988,33,553,6003,567,3241,58,3263,5316,1399,484,5996,5999,6000,6001,6002,243,6004,6005,6006,6007,6008,6009,6010,6011,6012,6013
96_0_0_1	2,3,6,8,9,10,16,17,408,409,411,413,414,799,800,417,418,419,420,421,422,415,416
96_0_23_24	6016,6017,6018,6019,8,10,396,398,16,33,2161,5746,3381,355,356,368,369,370,371,372,373,374,375,4088,6014,6015
75_0_0_1	6020,6021,6022,8,9,10,16,17,408,409,413,414,415,416,417,418,419,420,421,422,1609,1482,4839
75_0_2_3	6022,6023,6024,6025,266,16,289,424,8,10,6026,33,5984,355,356,4839,368,369,370,371,372,373,374,375
75_0_11_12	5761,5762,8,10,6027,6028,6029,6030,6031,16,23,33,64,4297,74,1372,6032,1250,1251,5749,5750,5752,5754,5757,5758
75_0_24_25	641,2,1799,8,10,6033,6034,6035,6036,6037,6038,4313,33,135,439,327,4304,2263,2520,89,4314,4312,93,1272,1273
75_0_28_29	5761,5762,8,10,398,16,6039,6040,6041,6042,6043,6044,6045,6046,6047,33,64,327,4297,1372,1250,1251,5605,5749,5750
137_0_7_9	1285,8,2955,16,2322,2324,2649,2970,6048,6049,6050,6051,6052,6053,6054,6055,6056,6057,6058,6059,45,47,58,64,65,33,593,89,2650,93,2156
137_0_26_28	8,304,33,91,6060,6061,6062,6063,48,440,58,74,89,90,731,732,733,734,735,736,737,738,739,741,742,743,744,745,746,747,748,749
137_0_36_37	8,10,16,33,163,6064,6065,6066,6067,965,970,77,355,356,368,369,370,371,372,373,374,375
176_0_0_1	0,1,2,3,5,6,871,8,9,10,11,12,13,14,15,16,17,18,885
176_0_8_9	264,265,266,268,269,270,16,19,20,152,157,2206,33,34,35,36,37,38,39,40,41,8,6068,6069,10,3059
176_0_24_26	6080,1667,8,16,751,33,1442,805,1963,392,6070,6071,6072,6073,58,6075,6076,6077,6078,6079,64,6081,6082,6083,185,6074,1341,5494
176_0_36_37	8,10,16,19,20,33,34,35,36,37,38,39,40,41,688,6084,6085,458,77,230,765,766
191_0_0_1	992,993,994,422,3770,8,9,1482,1709,15,16,17,985,3767,152,3769,986,10,990,991
191_0_2_3	8,266,16,1686,152,33,39,938,1709,10,3772,3773,6086,6087,6088,995,996,999,1003,1004,1005,1006
191_0_13_15	342,135,8,267,473,33,2350,48,310,58,66,6089,6090,6091,6092,6093,6094,6095,6096,470,472,89,93,3301,3302,1383,3309,3312,1272,1273
191_0_17_18	897,2,8,10,783,16,33,5167,1340,73,74,79,6097,6098,6099,6100,6101,6102,6103,6104,6105,6106,6107,6108,6109,6110,784,1256
76_0_0_1	8,9,3850,16,17,2717,422,10,3912,3913,1482,3915,3916,3917,3918,3919,3920,3921,6111,6112,6113,6114,6115
76_0_15_16	135,8,10,16,152,33,39,1704,1710,1199,2120,209,3922,3923,3928,3929,3930,3931,3932,6116,6117,6118,6119,6120,6121,6122,4208,2553
76_0_21_22	8,10,16,23,566,1307,1951,33,565,4534,5559,60,4533,64,4546,4547,4548,4549,1101,4965,6123,6124,6125,6126,6127,6128,6129,2800
177_0_0_1	2,3,6,871,8,9,10,6130,16,17,18,6131,6132,885,6134,6135,6136,6137,6138,6133
177_0_28_29	6144,6145,6146,6147,8,10,259,540,33,3363,3364,3370,3371,3372,1340,66,484,230,6140,6141,113,6139,1532,1533,6142,6143
192_0_0_1	992,993,994,422,3770,8,9,1482,1709,15,16,17,985,3767,152,3769,986,10,990,991
192_0_2_3	6148,6149,6150,8,266,16,152,2206,33,39,938,1709,10,3772,3773,995,996,999,1003,1004,1005,1006
192_0_6_9	897,6151,392,6153,6154,6155,908,6157,6158,911,6160,6161,6162,921,33,4772,553,2347,46,47,6152,52,185,188,3775,64,65,3651,581,6156,1109,6159,16,1506,8,1321,2171
192_0_20_21	8,10,398,16,6163,6164,6165,6166,6167,6168,5529,33,2214,39,938,3506,6169,4429,995,996,1003,1004,1005,1006
192_0_44_45	33,995,996,1798,39,8,925,10,1003,1004,77,1006,938,16,1005,6170,6171,6172,6173,6174
152_0_3_5	8,6175,6176,6177,6178,6179,6180,6181,6182,6183,6184,6185,6186,6187,6188,6189,6190,6191,48,6193,6194,819,58,6195,66,33,472,473,5989,6192,4477
152_0_6_8	8,1547,16,33,39,48,6196,6197,6198,6199,6200,6201,58,6203,6204,6205,6206,3648,66,580,2374,839,73,5073,313,6202,5982,209,957
152_0_9_10	8,10,655,16,23,33,40,48,6207,6208,6209,6210,6211,6212,6213,6214,6215,5073,1507,1508,1515,1516,1517,1518,1519
152_0_22_24	8,16,4498,5779,1303,33,4642,48,58,327,6216,6217,6218,6219,6220,6221,6222,6223,6224,6225,6226,6227,6228,6229,6230,243,244
152_0_25_27	2434,260,261,8,89,90,33,93,821,313,58,6205,580,2374,73,6231,6232,6233,6234,6235,6236,6237,6238,6239,6240,6241,6242,6243,4708,5989
152_0_28_29	2434,8,10,267,655,16,23,33,40,821,6213,5705,5711,2517,6244,1507,1508,6245,6246,6247,1515,1516,1517,1518,1519
152_0_38_39	8,10,33,38,48,956,66,73,472,473,6248,6249,6250,6251,6252,6253,6254,6255,6256,6257,6258,6259,6260,6261,6262,6263,2174
193_0_0_1	8,9,10,16,17,2713,2714,2716,2717,2718,2719,2720,2721,2722,2723,422,195,1482,1631,6264,6265,6266
193_0_2_3	8,266,4109,4111,16,33,167,10,195,708,709,719,720,721,722,340,342,374,6266,6267,6268,6269,6270
193_0_12_13	6272,6273,8,10,267,16,273,3227,33,163,369,965,970,355,356,1259,1261,368,113,370,371,372,373,374,375,6271
194_0_0_2	3329,6274,6275,6276,6277,6278,6279,8,9,6282,6283,16,3476,48,4400,6280,6281,185,58,1482,587,864,1905,1906,1907
194_0_3_4	3329,3332,3333,3334,8,266,6284,6285,6286,6287,6288,919,2820,3356,3360,33,48,4409,10,2239,593,342,16,3322,3323
194_0_5_6	259,8,3337,266,3339,6288,6289,6290,33,3363,3364,3369,3370,3371,3372,1967,1973,4409,1340,10,66,73,593,484,1532,1533
153_0_0_2	2,3,6,8,9,16,6291,6292,6293,6294,6295,6296,6297,6298,6275,58,587,1752,1754,864,865,148
153_0_9_11	264,265,266,2711,268,2701,16,3991,6299,6300,6301,6302,6303,33,683,8,58,66,269,593,3680,1303,3688,3720,3695,3952,3960,3961,3962
153_0_23_26	2,135,8,2711,2701,16,23,6304,6305,6306,6307,6308,6309,6310,683,1200,66,581,33,2050,5668,3679,3680,3681,1303,3687,3688,3689,3693,3694,3695,3696,243
195_0_0_1	2,3,1926,6,422,8,9,10,6311,4012,4011,16,17,4018,871,4020,885,4019,4021
195_0_8_9	4032,264,265,266,268,269,16,3736,25,33,6312,6313,6314,6315,6316,48,8,4022,4023,10,4031,64,4033,4034,4035,4036,4037,4038
195_0_10_11	8,266,25,6319,33,6313,6316,6317,6318,1967,6320,6321,6322,6323,6324,6325,6326,440,185,10,706,1479,73,2228
195_0_40_43	897,8,4162,783,16,581,33,4160,5678,688,4145,4147,4023,6328,6329,6330,4158,4159,64,4161,66,4163,4164,4037,4038,327,74,6327,77,2893,5335,472,5338,1279
154_0_22_25	1665,8,1545,6338,16,1813,918,919,920,6341,33,6331,6332,6333,6334,6335,6336,6337,66,6339,6340,581,6342,6343,6344,6345,6346,6347,6348,6349,4454,4455,4456,113,755
154_0_26_28	2,135,8,16,148,4374,3737,33,3370,683,6352,58,1340,66,5576,5577,5579,6350,6351,5584,6353,6354,5587,5588,5582,3287,5583,865,484,5585,4604,2046,5589
154_0_29_30	2,259,8,10,3,2712,5532,4127,289,327,66,33,334,1104,6354,1747,5590,5591,5592,5593,5594,5595,5596,5597,5598,5599,1532
196_0_0_1	2,3,6,871,8,9,10,16,17,18,885,1750,1751,1753,1755,1756,1757,1758
196_0_27_28	8,10,16,1041,146,33,327,1361,6355,6356,6357,6358,866,867,874,877,878,879,880,881,882,883,884
155_0_0_1	6368,33,195,5317,8,3881,10,6365,16,243,6364,2966,6359,6360,3545,6361,6363,956,6362,6366,6367
155_0_29_30	8,10,398,16,2966,3545,33,956,5317,74,976,6359,6360,3684,6365,6366,6367,6368,6369,6370,6371,6372,6373,6374,4839,6375,243
155_0_32_33	2951,8,2953,10,2963,2964,2965,2966,2970,2971,33,298,180,181,956,6380,89,93,230,6376,6377,6378,6379,1516,6381,6382,6383,6384,4853,6140,917
197_0_0_2	33,2,1092,3830,8,1097,1098,3826,3823,16,3825,818,3827,3828,3829,918,148,58,188,3824,149
197_0_3_4	2,8,10,16,33,1115,6387,327,1098,1106,1107,340,342,1111,1113,1114,2011,1116,1117,1118,6385,6386,883,3831,3832,3834,3835
198_0_0_2	2,8,16,2194,148,149,33,2196,1578,1581,1582,818,2292,58,188,6391,6388,6389,6390,2295,6392,6393,6394
198_0_3_4	6400,256,2,8,10,16,33,327,1582,1589,1590,1597,1600,1601,1602,1603,1604,1605,1606,1607,1118,883,1270,1271,6395,6396,6397,6398,6399
156_0_3_4	6401,6402,6403,6404,6405,6406,6407,6408,10,396,16,2966,33,8,956,5317,327,6359,6360,3545,348,6365,6366,6367,6368,113,243
156_0_7_8	129,2,388,135,2056,6409,6410,6411,2060,6413,6414,6415,6416,6417,33,3241,6190,8,6412,313,954,10,66,1036,386,4479
156_0_9_10	2,135,8,10,23,2060,6414,16,6418,6419,6420,6421,6422,6423,1057,1058,1065,1066,1067,1068,1069,1070,313,33,883
156_0_13_14	8,10,23,6424,6425,6426,6427,6428,6429,6430,6431,6432,6433,6434,6435,6436,327,48,313,66,33,5283,4055,472,473,1267,2935
156_0_15_16	129,8,10,398,2196,23,6430,6433,6437,6438,6439,6440,6441,6442,6443,6444,6445,6446,6447,6448,313,66,2118,33,73
156_0_17_18	8,10,398,23,33,6442,6271,6444,6449,6450,6451,6452,6453,6454,6455,6456,185,6458,73,654,342,6457,604,1402,1403,2005
156_0_25_26	1793,135,8,9,10,6466,152,129,5163,6459,6460,6461,6462,6463,6464,6465,66,6467,6468,6469,6470,74,1647,1788
199_0_0_2	3970,3971,3972,3973,3974,3975,3976,3977,3978,3979,2,16,148,1045,1046,33,8,58,587,589,590,2656,2418
199_0_3_4	2,517,3976,10,3980,3981,3983,2064,3985,33,1607,8,6471,6472,1118,3984,327,16,2672,2673,883,2682,2683,2684
157_0_0_1	2,3,6,8,9,10,16,17,18,1926,3141,3142,3143,3144,3145,3146,3147,3148,3149,3150,3151,3152,3153,3154,1752,1754
157_0_8_10	128,129,130,264,265,266,267,268,269,33,2850,2857,8,3768,58,66,6473,6474,6475,6476,3155,89,106,108,121,122,123,124,125,126,127
